-0.03078555650336692	-0.03009512391482219
-0.06032658260178094	-0.05935967910997669
-0.08858577658289557	-0.08803344434549454
-0.11564850556867766	-0.11511668654971091
-0.1415049378781941	-0.1406270197729845
-0.16617815616885812	-0.16581500174906433
-0.18959151266050842	-0.18783422189643637
-0.2117973928037207	-0.2099885163710573
-0.2328413183551408	-0.2314678438152442
-0.25268391913562627	-0.25114431439341506
-0.27134357057328956	-0.2706597544621795
-0.28878968187695175	-0.2882601756613746
-0.3051785266823045	-0.30507182538598177
-0.32050768146760195	-0.3197211741311231
-0.3348010662291379	-0.33372193055675525
-0.34806276175802564	-0.3470525574249334
-0.3602706652880463	-0.3584797048294632
-0.37125658487219665	-0.3695830460758087
-0.381230385588771	-0.37959316337564153
-0.39042856260060993	-0.3892914601491544
-0.3986688499538475	-0.3984689910683081
-0.40582557989593915	-0.40501365176912824
-0.4119815040757563	-0.41182589612958426
-0.41742834054893274	-0.41691907581280757
-0.42203000484621567	-0.4212512579345464
-0.4256634079704664	-0.424775048935119
-0.4285933954112177	-0.4280610412942489
-0.4306792718494127	-0.43068103159149684
-0.43215978276215217	-0.4322177258389491
-0.4329227528644818	-0.43243103438886965
-0.43303396601351435	-0.4326317133473507
-0.43257039318378376	-0.4314716007628862
-0.4311121383954157	-0.4301981513875789
-0.4290959692346315	-0.4279510675771041
-0.42661572573248	-0.4263383809861362
-0.4235346878209658	-0.422242496496984
-0.4199242453271437	-0.4187757690537207
-0.4157544014610567	-0.4148066328059179
-0.4111047461847377	-0.410072554988719
-0.40598742663802023	-0.405467882044434
-0.40044069277716265	-0.40077254390329403
-0.3945959660794762	-0.3949334322917299
-0.3884033330568077	-0.38871291686531423
-0.38171698763787326	-0.3819243447824733
-0.37468061676768555	-0.374921300136629
-0.3673177141490898	-0.36746438448409424
-0.3598200549631402	-0.359840743786801
-0.3519629800416179	-0.35201658563364113
-0.34384073214300576	-0.34452005455037765
-0.3354849987048622	-0.3362912558913595
-0.3269317121751072	-0.32756675414775843
-0.3182525856833104	-0.31821117359495793
-0.30930927703765265	-0.30957368036141153
-0.3002268469254729	-0.3005859670039999
-0.2911767655223112	-0.2910996292192361
-0.2819335834697156	-0.28182747668082053
-0.27266738637622046	-0.2719696700529932
-0.263147711385135	-0.2630935053813252
-0.2536431805396216	-0.2532692728129982
-0.24427863294046442	-0.24273408371619792
-0.23467744999368767	-0.23374827167987372
-0.22541625751416336	-0.22434602685090146
-0.2159535038880699	-0.2151464761019918
-0.20634554926546175	-0.20512875574833023
-0.19694706713362542	-0.19557238937031773
-0.18748974766268622	-0.18618088892672632
-0.17812358762944963	-0.17643562624313375
-0.16889345661984798	-0.16705176960709364
-0.15974091247119948	-0.15865217284376387
-0.15060863789908638	-0.15026906319354177
-0.1414890466193263	-0.14147025696005047
-0.13264468942672275	-0.13339023347702944
-0.12400590571470127	-0.12551651837174618
-0.11554485578283688	-0.11730071449578566
-0.10723225450733531	-0.10894815731728884
-0.09888241422327484	-0.10126050813007156
-0.09070949661937218	-0.09436120641689978
-0.08270395846719455	-0.08639100914803623
-0.07469582872836747	-0.07860143994871353
-0.06702382639705008	-0.07153608526971893
-0.05954664591753188	-0.06386245967663176
-0.05230574285565621	-0.056568586236840045
-0.045115431630012706	-0.049660642114318004
-0.03813623448461237	-0.04272729782087379
-0.03132044370558224	-0.03476394817222694
-0.024793952598252556	-0.0275577897158142
-0.018376075850278548	-0.020646549469726983
-0.012165583294564571	-0.014716263809861383
-0.006230078966645049	-0.008052038590773624
-0.00042740398072397824	-0.0023817894614592008
0.005070635748106235	0.0034689483850140093
0.010273165392468935	0.00881766011649283
0.015311529484195873	0.014379302556821256
0.02028135593824584	0.01907462290005447
0.025001728136175943	0.02461610612390099
0.029329343030313267	0.02896669444287826
0.03358622717495549	0.03387179119926677
0.03769575177463183	0.03773357625213606
0.041567341583295614	0.04247655698723415
0.04523815095561285	0.045737013912710144
0.04885391875323822	0.04947365822358391
0.052218920360630645	0.052875063130330836
0.055363513728904364	0.05688985564992683
0.058301383402405295	0.05989613304745647
0.061059306055200074	0.06276101277529632
0.0637139022215527	0.06568269846671722
0.06596875339237038	0.06749307561013856
0.06819929946147017	0.07015407507656152
0.07021355330245574	0.0713539531223325
0.07189684648166636	0.0732985499130177
0.07344387400026914	0.07408863157809698
0.07498650901644123	0.0752775598739168
0.07637630076030195	0.07686810153730787
0.07755964282902485	0.07775419616910634
0.07872264659596687	0.07830285791939773
0.07958698344254347	0.07888300221262491
0.08039997738630711	0.07936533963015775
0.08097343513815547	0.08025713558418981
0.08137534153913499	0.08098778365861956
0.08176227385586286	0.08076945450503575
0.08201651033802804	0.08095648702225519
0.08211922179120573	0.0807488693502564
0.08218035230951724	0.08058669281247317
0.08197445617491073	0.08062721500575805
0.08148832340885671	0.07927013541973048
0.08122735527578005	0.07909555986370584
0.08068188358607699	0.07866485447040206
0.08004695140177269	0.07849188299213937
0.07934763854159733	0.07694474550891847
0.0784759024040563	0.07707826282785235
0.07729208797995196	0.0760045363530753
0.07628863474719726	0.07534474219546967
0.07530097019844453	0.07369823266815878
0.07411534083010882	0.07188789219878694
0.07294300543218452	0.07160653452784295
0.07189369733343925	0.07012195776373041
0.07076125287369099	0.06899569862452605
0.0694964156762966	0.06760381346087145
0.06822823052497547	0.06637397880277421
0.06673547607721687	0.06500798403432302
0.06538214960507001	0.06398164569399548
0.06389966568493366	0.062131703214752816
0.06210418250562339	0.05985704377929168
0.06065854128388438	0.057797383890919186
0.05915342810327053	0.05627536480825857
0.057457802662601934	0.05456821722875416
0.05597677781502389	0.05338967697578163
0.0542492646160955	0.051722276188286564
0.05252394877861275	0.05049549505248155
0.050881134296250456	0.04899747977304857
0.04916053412642051	0.04771108330374772
0.04743530221448158	0.04643171607631246
0.04569674611558484	0.044653889124943974
0.044030397024647554	0.04322910725276727
0.042392027691431564	0.04130803149996128
0.04068772729193737	0.03948282060610034
0.038987183762328806	0.03797486138533287
0.03713198881201853	0.03645791412595571
0.03548484236625592	0.035640916310407125
0.03366156215586137	0.033676718768545784
0.031808695748474856	0.03176367776402461
0.03020406646443563	0.03051053539978869
0.028516023222851145	0.02851449449963207
0.026889840377368735	0.02615401787266236
0.025465166624407388	0.02411313316147066
0.023873456084073184	0.02211677178480553
0.02236758787148621	0.02081039654226604
0.020855488403460295	0.02000414998867458
0.01948144021060188	0.01845723484987747
0.018031152382007032	0.01725339261518084
0.01666600055579978	0.01639851280026253
0.015139031642057661	0.015090254390857103
0.013849273846339941	0.01395274965399704
0.012423880306809514	0.012734760903151699
0.011041833252466146	0.011805912032632244
0.009772170459504598	0.00994746399565993
0.008496455196025897	0.008525196631764579
0.007175783698898617	0.005981957323875703
0.006032403092835263	0.00462524636699223
0.004771018686955016	0.0035084341440579578
0.003668777965489184	0.0021047670653061854
0.00268282441270137	0.0011947208306377665
0.001509459437392882	0.00013869014085907453
0.0003427323534743874	-0.0002584694369162637
-0.000671641580921094	-0.00072344927421157
-0.001677587527738792	-0.002440065221017532
-0.0025217958728496566	-0.0033963726536184687
-0.003447355522288243	-0.004615018233932852
-0.004254912960315546	-0.0053909684622827116
-0.005033562887911335	-0.00606813360993528
-0.005818465103936966	-0.0067989121767670765
-0.006639523305290377	-0.008055796900503107
-0.00730346565576234	-0.008031766667426691
-0.007985616802575252	-0.008237401139391714
-0.008498409265779305	-0.009188892324459227
-0.009082703481382839	-0.009451469445031635
-0.00965764275480851	-0.010395840738549569
-0.010264632415691316	-0.010198817384766546
-0.010870681148442323	-0.011134006246297271
-0.011404074196354464	-0.010994473607972167
-0.01179656370409258	-0.011235187951188249
-0.012259397289066254	-0.01212179920466334
-0.012609271514227399	-0.011979880706633955
-0.013004509746172106	-0.011892282887337582
-0.013377091746853935	-0.012190010111283723
-0.01369437397280471	-0.012694251016396575
-0.013964704298216293	-0.013798627861756861
-0.01419273798081316	-0.013426145772786611
-0.014502234865696134	-0.013924535474625207
-0.014798486525641912	-0.013207977475668714
-0.014857781800452477	-0.013334040770739613
-0.01502565438976213	-0.013626877915365836
-0.015279347926799946	-0.013891233584362573
-0.015457567887664024	-0.013453759522215999
-0.01556083528180713	-0.014819914975339571
-0.015508950990301888	-0.015140556783562237
-0.015430665057960884	-0.014716202846968727
-0.015458740143959563	-0.014651168360591858
-0.01545901669467486	-0.015102872653996824
-0.015449653489443155	-0.015277458141897276
-0.015525726936249358	-0.014858281572906033
-0.015298748376243568	-0.015213136324313016
-0.015221264794986438	-0.015153268660964647
-0.015309502752451477	-0.015514609983993262
-0.015190140055920788	-0.0146190718645228
-0.015195679465501905	-0.015075351310363968
-0.014964508392614899	-0.013365285946826289
-0.014897368493285072	-0.013746607847857225
-0.014792394618177277	-0.014305169759308501
-0.014677551448183623	-0.014408401088286206
-0.014326060157613266	-0.015160274537345409
-0.014010030648816958	-0.01513511412874911
-0.013951246568628171	-0.015457439191931151
-0.013777855483866374	-0.01499753687620596
-0.013457830020136879	-0.014252178511907538
-0.013272066223456174	-0.014227716844164112
-0.012966377306874345	-0.013350275241796092
-0.01243733533075619	-0.012545232196637555
-0.012292262482098902	-0.0126536644914004
-0.0119476899811189	-0.011693603751509053
-0.011577542503141044	-0.012059821329419169
-0.011347829746191479	-0.011358265622313193
-0.01112212706844945	-0.01132838332374781
-0.010884069557357478	-0.011318776711061565
-0.010523326016840277	-0.010870340760915424
-0.010260767755120803	-0.009285469838828506
-0.009943258698721442	-0.008819835869739535
-0.009650567694198725	-0.008293025497049666
-0.009291367684717304	-0.007830965965550265
-0.008965422390043826	-0.007283767379356086
-0.008630164292025417	-0.00713046124095874
-0.008331809372468118	-0.006990637110362241
-0.0080949356063966	-0.0064652678256292865
-0.007803849796336917	-0.006015214886964159
-0.00749010551791782	-0.005637449169200107
-0.0070748401456399365	-0.005169796173149443
-0.006667805738707749	-0.004983613608270177
-0.006332489846535423	-0.004325461924576544
-0.005880107107855459	-0.004281139292445451
-0.005624744835223334	-0.00422894568434405
-0.005208858311699261	-0.003641301104752386
-0.004877494301853235	-0.003283356636659632
-0.00460574049175097	-0.0023259905242465906
-0.0042853753431515654	-0.002065019533066671
-0.004101829923538767	-0.0016678152185507986
-0.0038140086856459565	-0.0014790578434236076
-0.0035813099024848477	-0.002669492772722215
-0.003416470889119922	-0.0014803813928531198
-0.003164350439295974	-0.0012610230904088766
-0.002881369474040802	-0.0007376503802141734
-0.002508376250942641	-0.0006114218964201171
-0.002217351412080465	-8.415930058653444e-5
-0.0020532121329490255	0.0004224460178625863
-0.0017886173153677698	0.0006400520472680162
-0.0014592119930582966	0.0005552116642933807
-0.001049492095769646	0.0005211023164356023
-0.0008062492716649256	0.0009997993008635745
-0.0007413480974012937	0.0013553653874620836
-0.000455543258190662	0.0022291450917459703
-0.00023928532950230432	0.0025454711846616376
-9.800235072763945e-5	0.0028755843653321045
0.00012045135199087986	0.0036592891231209974
0.00031593872445537236	0.003044275940146825
0.0003690570040407722	0.0034411193173580516
0.0005404740837497114	0.004326627268561642
0.000629849426606194	0.004259225663860683
0.0008062469267824335	0.0046169117726249055
0.0008535983022600589	0.004345359687509733
0.0007641022577420476	0.004995195365244395
0.0008561499054675891	0.005154359581084031
0.0009482285803218273	0.004642775828998265
0.0009989434350357303	0.005229142248152017
0.0010504862650280817	0.004784362219869606
0.001214377101426918	0.005601734708177454
0.0013233237932885227	0.004997316997402473
0.0014515032769117921	0.004279123334592106
0.0015954462475866983	0.004371766696831801
0.0015758791996412533	0.004677630928917017
0.0014057816815330757	0.0038216511757151314
0.001482588380063477	0.003749174522962755
0.0014044545698619461	0.002937470923745293
0.0013627450698016688	0.0030559941245394033
0.0013249769788596056	0.003518980618386911
0.001282145210473063	0.003280107360074805
0.0011035975210637063	0.003426237749733016
0.0010888204427265489	0.0036726304561017493
0.00115204364030879	0.003858680981335548
0.000960905183269094	0.003457240374833286
0.0010110380454529163	0.002694031570064815
0.0010801773268931819	0.002436275779525876
0.0010864534641167021	0.003180371239507313
0.0010262586580200828	0.0031575737302249355
0.0010413975022798556	0.0023368460557068207
0.0010967260358587148	0.0018812260073917254
0.0009633402400417143	0.0016928416907963585
0.0009434990470744494	0.0020526508212055663
0.0009511549570870997	0.0017857358234562263
0.0007712924985399008	0.0021029003433083076
0.0008051732955038334	0.00197618972092789
0.0008991656566095458	0.002085412966352044
0.0008558828411723711	0.0020509223693779936
0.000621790197010594	0.0021166642921085477
0.0005730585814795638	0.0014170112767022396
0.00046763542836555087	0.0012107188892263312
0.00045503129743812844	0.0010107508560915515
0.00035599051725493245	0.0008866164537413349
0.00039975613309453694	0.00012203138028979974
0.0004391149302741033	0.00027691329003878156
0.0003916949936062024	0.0006256376429667112
0.00027030565753269196	0.0005381159753977728
0.00018303783902296833	0.000565850331494619
0.00010127134226308777	-2.799646441760319e-5
-5.322935752662654e-6	0.000488753561119332
-3.4788877825568596e-5	0.00025549552592269873
-5.249171090162881e-5	0.000475519415173928
-3.31265633219717e-5	0.0013013633912422444
-4.764385794117514e-6	0.001202533751522144
-3.48034883494408e-5	0.001548987409580262
-0.00022780324259481948	0.0016234719447466672
-0.00021179429271336888	0.000647820453571464
-0.00019020107973082595	0.0013720608496783308
-0.0003511596788633761	0.001155242523131992
-0.0003627412483336019	0.001748397833460157
-0.0005607321500447675	0.00029831844265992033
-0.00043154582518860893	-0.00025861608539662036
-0.00040595947099480865	-0.00012971110702956681
-0.0004178872990651959	0.00025921258050690826
-0.00034026017465227474	0.0008991034300004122
-0.00023077198033473286	0.0004947459937439252
-0.0002645119841530494	0.0003208005410407324
-0.000402173092447959	-0.0001973596024687267
-0.00047787121512780353	-8.980949187544616e-5
-0.000588518501031246	1.4922324704249034e-5
-0.0006280441885175964	0.0001490497853792601
-0.0006577064593562089	0.00019296576024894157
-0.0008309561206497717	-0.00033540026497487583
-0.0008359888938913504	-0.0012507789893724305
-0.0008894381195957676	-0.0014836786019079456
-0.0009590199760439132	-0.0022730896647523433
-0.0008567335659730511	-0.0016211687542149575
-0.0008740176764057878	-0.0025713863168351494
-0.0008086816517743234	-0.0018862047779719864
-0.0008028095780799923	-0.001981344533002106
-0.0008502174441302424	-0.0016960937778162301
-0.0009130004657146061	-0.0019543757785970626
-0.0009154304479746899	-0.001928564868627953
-0.0008516956676373118	-0.0015963052444778285
-0.0010112757920977098	-0.0015479928353095169
-0.0011690949944056636	-0.0016452749325473357
-0.0010993841977902392	-0.0012301505945125201
-0.0010565715565493117	-0.0012115397800161725
-0.0008929404046218244	-0.0010136718206847656
-0.0008132418963368412	-0.0010655952112926421
-0.0008275499528272696	-0.0017584128759277422
-0.0008137219095089544	-0.001986886051875623
-0.0007326775224164605	-0.0021329948467122633
-0.0007742683503938527	-0.001512400969913296
-0.0005861702298354351	-0.0011308338823838254
-0.0005095066862261618	-0.0010163127729848603
-0.0005356889674213365	-0.001625537228313166
-0.0006688633324053009	-0.0018868037034188078
-0.0005385861600112882	-0.002005456048210362
-0.000541331492922771	-0.001862801076259263
-0.0006338981099167714	-0.0015915141182317272
-0.0006682038830589192	-0.0010344744414078548
-0.0006177795441561851	-0.001390698228391949
-0.000693932919515932	-0.0013135057589136428
-0.0006932084345401154	-0.001526228931447905
-0.0007153177107396651	-0.00046645825683865223
-0.0006087552455629762	-0.0012405281278665575
-0.0006368792622229463	-0.0009438094250060971
-0.0007287925835807423	-0.0010385313303401889
-0.0008259261586498787	-0.0019042663554465133
-0.0008621306680516572	-0.001999728366487397
-0.0008256553255704091	-0.0013868024811865831
-0.0008299504037781548	-0.001120242912525475
-0.0007828135149178573	-0.0013871857027312013
-0.0007749559474959761	-0.0011924554503736093
-0.0007419980527712239	-0.0011263630929589877
-0.0007554080064680552	-0.0010046502338899707
-0.000715279091199133	-0.001239492416797994
-0.0005951881683098475	-0.0012892856261312328
-0.0004868973415832734	-0.0009067891408400827
-0.00038177764378203986	-4.7842070541237436e-5
-0.00026332148918086683	-0.0003046367624209729
-0.00041470143417554443	-0.0003891100252428549
-0.0002608410304422627	-0.0004877620272687979
-0.0002580690009472048	0.00040525284724904424
-0.00012326337797125884	0.00046399250923859556
6.894071895647062e-6	0.001390555895801476
-4.519223090785616e-5	0.0015608284559935851
-6.825092987613029e-6	0.0016871396288349752
-0.00015447496896288542	0.0018306268658349475
-0.00016565954230904462	0.001978808534383188
-0.00013365616959257838	0.0018012062694823926
-0.000130665245036149	0.0007350420449465404
-0.00018304816041596217	0.0007087352460077894
-0.0001064122310358634	0.001327200209548364
-0.00020386788034052147	0.0016322007697408187
-0.00018651743853659856	0.0014424418506445765
-0.0002564123110644159	0.0018556069572527815
-0.0002416438394377009	0.002702623988348105
-0.0003646650552694633	0.002200519933798718
-0.0004020652266229336	0.0018037134507596837
-0.00046127649632929943	0.002481485588411929
-0.0004967157197233523	0.0016030313527514452
-0.000451942099055882	0.0015801544557655855
-0.00041864372868348124	0.0020180382014929263
-0.0004252940813716476	0.0019499311198023768
-0.0004814845876760807	0.0018317526515548859
-0.0004216832786784138	0.001864607013122371
-0.0005624570548395439	0.0011157941431020851
-0.0005634389564676269	0.0016310811640137602
-0.0005916709520513703	0.0013290575485167629
-0.0005111410584813344	0.0011980119338939514
-0.0005744586464808655	0.0016030771892415051
-0.0006158854758565217	0.0014526679737390785
-0.0005749309561243266	0.001188624847893934
-0.0005491844422092956	0.0010915246018738756
-0.0005976479823901507	0.0007980469771593314
-0.000573917913277311	0.00021141550010757466
-0.0005004845219339848	0.0006565300585957402
-0.0006432017967750047	0.00010135518505194341
-0.0007102967038727723	0.00038642713704319066
-0.0007096863270934547	0.00048367579117337153
-0.0010362760636471633	0.000807525373064994
-0.000987862201882026	0.0010243833754242225
-0.0010144414030200744	0.0009070559561895454
-0.0010528584893423087	7.744485068032325e-5
-0.0010406033926908097	0.0007838286092335984
-0.0010743723001251555	0.0009319260354665771
-0.0012645811959715197	0.001516874870977957
-0.0013209640621327113	0.0011050018424135274
-0.0012987415659758113	0.0012208250717865978
-0.001410452887165268	0.0016241758864090148
-0.0014181407804387657	0.002283406361097673
-0.0015146962602665553	0.0021935277250487366
-0.001416778088355052	0.0023065628214732226
-0.0014723763096333015	0.0017292165905860703
-0.0014662643054605634	0.002381885061114022
-0.0014438891603676654	0.0020590676683610526
-0.0013991884215883146	0.0022423371475821553
-0.001362708024656844	0.0020829874540762715
-0.0012888749704851612	0.0016231573802320423
-0.0013360250425159255	0.0021739591316510404
-0.0013633375651284185	0.002175138134979794
-0.0014940941819953301	0.0022264496398047106
-0.0015134741309934482	0.0020879560765594586
-0.0015723373037499295	0.0026326298282105514
-0.0016919715913023415	0.0027278859320491837
-0.0017241212992645267	0.0020432116343517045
-0.0018101394508179026	0.0016089724463314264
-0.0018065208038317276	0.0015730739104945662
-0.0018188885850389362	0.0009303022544130626
-0.001909061274339454	0.0005531427562932141
-0.001841863725789141	5.245192215135605e-5
-0.001837099237240587	-0.0001278539541889089
-0.0017303011776993046	0.00019200218454934692
-0.001795139978909763	-2.2894532750264126e-5
-0.0019337438729283252	-0.0005134667355845082
-0.0019531719781366056	-0.0011974162253422082
-0.001893532748124989	-0.0013442888956755076
-0.0018441425302379456	-0.0017812103044507284
-0.0018063038681524074	-0.00288078209259897
-0.0018561776147737355	-0.00262534957277813
-0.0018191330666152753	-0.002434233916642209
-0.0018071833547505369	-0.0038046683804435393
-0.0017645629820857145	-0.003006891816309603
-0.0018830000537313086	-0.002273368757884771
-0.001843370257831582	-0.0020559051864925807
-0.0018679175090389741	-0.0024980450403887314
-0.001957325488613216	-0.0011090202833638938
-0.0020133667861642417	-0.001406048187897109
-0.0020742256831258166	-0.0014702071207890865
-0.0019955254096772016	-0.00116913517455921
-0.001961408540870364	-0.0013646514901202173
-0.0019427410983175134	-0.0014067765593572968
-0.0018858721400353258	-0.0013211529365889704
-0.0016437189765016193	-0.0014398699407026983
-0.001591404294616135	-0.0015194206996174196
-0.001491708938628643	-0.0018449059799202105
-0.0015059379906385744	-0.0015679153491483869
-0.0014670530664061062	-0.0015029583182472985
-0.0013906016349832914	-0.0014571332134752164
-0.0013474388217049162	-0.000500675011136862
-0.001332404972036949	-0.0002653471480705499
-0.0012853547928085476	-0.0009026269930256909
-0.001402009061274187	-0.0011200446785516022
-0.0012580802883895648	-0.001060961401808859
-0.0013934849086924461	-0.001173962176905392
-0.0012876292984986858	-0.0006084172416852075
-0.001351199627421256	-0.0005724366378909605
-0.0014639491323427392	-0.0004171110656884993
-0.0015303228265588502	-0.00044970064439156553
-0.0015562137080317887	-0.0010153996833777094
-0.0015398272787047254	-0.0017106638654933626
-0.0015138043143082846	-0.002265043131568279
-0.0014368891889644227	-0.0019160207891804346
-0.0015147333050206993	-0.0014266880636739788
-0.0014936393017511314	-0.0017896336025976657
-0.0014514101127961578	-0.0024823909983123383
-0.001539089083576262	-0.0026158781887397047
-0.0016335056961780286	-0.002767399705834459
-0.0015244732443538923	-0.0031577312734775704
-0.0014832662741423672	-0.00309242911377263
-0.0013148968720509192	-0.003697963165128903
-0.0013942257254453995	-0.0038360850406800634
-0.0013101608555227114	-0.004032749616875414
-0.001286823266445114	-0.004229575890408567
-0.0012795318371589997	-0.004037272936315328
-0.0011955777766133211	-0.0035689284933996027
-0.001114793568685024	-0.0025490578834082046
-0.001044161110445844	-0.002197246170566558
-0.0008383908834099671	-0.0021525769981903696
-0.0009032544893170673	-0.0013264961066154885
-0.0009358127639014082	-0.0005141675689162335
-0.0007419316938284883	-0.0001072834913478416
-0.0008282488211615341	9.874703752582096e-5
-0.000774661446705463	0.0004993360935267633
-0.0006588947328326283	0.0011443259496591385
-0.0005084136454577885	0.0015041676073795978
-0.0004146822701490733	0.001514712803437662
-0.0002915085016634005	0.0010866580519017014
-0.00029760593203933275	0.0010192703642656115
-0.00019540068333682753	0.0014955357665008395
-3.0066380291366096e-5	0.001979905884022074
-7.1631905804869e-5	0.0017988992862191233
-3.83206011905256e-5	0.0012885192165396795
5.119383419915354e-5	0.0008745333341855705
-6.944066300333168e-5	0.00034334827541622015
4.237681964621781e-5	0.0005215058681023979
6.398044727018513e-5	0.0002741958331733859
0.00020590726801570776	0.00033754202879808255
0.0001673978263907919	0.00021393462043108657
5.7802802085489105e-5	0.0006673448978657101
0.00013903881858178213	-0.000262495284518397
0.00017964635026069875	-4.004662166835884e-5
0.00018402313853713314	0.00047445751182386624
7.539487352458122e-5	0.0007756789783153069
6.655118540308617e-5	0.0010095268413160385
-2.854172701459319e-5	0.0017921607908011094
6.286461767814394e-5	0.0019798725332443316
9.106096117041318e-5	0.0017999789782584415
9.392818085667101e-5	0.0017919311619886645
8.861601091102986e-5	0.0018857054146488408
0.00013815904526707796	0.002383454021946747
0.00010184786878730726	0.0027839163243703995
0.00014399355724341442	0.001954996528948145
0.00012903175924553322	0.0022851808534888494
0.00011021385415877081	0.0025396978717868277
0.00023746369395813405	0.002143241764761561
7.963391180703848e-5	0.0025326722469084955
0.00013516542255499615	0.002462523979476113
0.0001618972789971175	0.002378618519062739
-6.107615154689028e-7	0.0016129187958916916
-5.195683041803424e-5	0.0008685896717298944
-2.6342587454180488e-5	0.0016217816950904271
-0.0001231925871125532	0.0012042396949929945
-0.00023568658859655486	0.0008514855058104455
-0.0001910099076315224	-4.191434247776944e-5
-0.0002211691333635539	-0.00021640213288780154
-0.00015532797439906602	-0.0002801931573022953
-0.0001922231416988568	-0.0004858018222162952
-0.0002665751304615242	-0.0012519499155599005
-0.0004829130995050355	-0.0014185638032406288
-0.0005066988529514883	-0.00036142564572954066
-0.000685354822635985	-0.0002604491498884817
-0.0007954377775608847	-0.0005725771743760201
-0.0005969124052168066	-0.000925573205876233
-0.000515830859735828	-0.0011025718642140975
-0.0004358698893727938	-0.0015203028738900975
-0.0005146440409676594	-0.001264125806470673
-0.0004930008843253026	-0.0015326924038898359
-0.000424300015621042	-0.0019009678754213506
-0.0006575785785689263	-0.0015265446823544686
-0.0006409193341264067	-0.0017698392617960447
-0.0005534242390100724	-0.002201429649703132
-0.0008342243085324423	-0.002147978881354143
-0.0009910809407833912	-0.002251731027484656
-0.0011684322058069464	-0.0026625426272434364
-0.0013187420250013791	-0.0026060316714928574
-0.001123931701281618	-0.0021100780586027217
-0.001263309446283693	-0.0017882430753598645
-0.0013003858860453628	-0.0021125720466555033
-0.0011875906307284678	-0.002526819673738142
-0.0011517729928909395	-0.0020177033517250753
-0.0011688099446662493	-0.0018801136922344235
-0.0010105113329316564	-0.0016117409070751923
-0.0009498377959780969	-0.0012066713853165546
-0.0007759881148335404	-0.0008262292325918793
-0.0007763660716383657	-0.0005303126133745548
-0.0007099309971213521	-0.0007548619353481197
-0.00043769305886562885	-0.000651196007990307
-0.00048174841379940386	0.00031576375796119646
-0.0004727282358179355	0.0010986797510839962
-0.00029726078238874096	0.0012344506623519903
-9.721035660973225e-5	0.0013370032165828426
-9.062854319512138e-5	0.0017188022312785872
-7.51393525412707e-5	0.0020260728568378375
-6.823482114346519e-5	0.0026156298409387405
-0.0001183239362788006	0.002505610861540864
-0.0002804744498611871	0.002872064774714511
-0.00029031345074010854	0.0027797010384619987
-0.0002862761190299622	0.002280124441169763
-0.0003386587250226107	0.0025269914788452925
-0.00020508563251408338	0.002943854402397777
-0.00026795178453706606	0.0028327203665133964
-0.00022149116252131662	0.0018825039654663037
-0.00017484559379885015	0.0014292254446414973
-9.441562099267328e-5	0.0015873597659171344
-0.00016154173105316897	0.001220684925731278
-3.820628674336965e-5	0.0017257837383703536
-1.8649931727510632e-5	0.0021590930783835704
0.00011469440359035251	0.002468869706999615
0.0002231776095325019	0.003173792004227626
0.00028745996461984976	0.0037974950346140327
0.000506208060558981	0.003594647358749974
0.00038049772022060834	0.004366203224334601
0.00041361656985357525	0.0037455491624378977
0.00041211606453457356	0.004863825987144884
0.00018654615521266528	0.004374902052035235
3.149372096495296e-5	0.003654625457360088
1.2169045177478858e-6	0.0034320816281249323
-0.00011177263549689606	0.002518883903904626
-6.439915949184988e-5	0.0026248734407555005
-1.0757228026980963e-5	0.0018811312495789609
-0.0001323473157932956	0.0013014401224847375
-0.00014499799170270323	0.0017033347116425898
-0.00014806904446699475	0.0016157894558478374
-0.00037637681255200505	0.0016172986443551889
-0.000383506905050212	0.0011624425034593073
-0.0005010771009623034	0.00021962729060274327
-0.0005838523699509785	0.00039930364353560495
-0.0006457609012151689	-0.00035115552049981016
-0.0006515319490759706	-0.00014787537597670686
-0.0008018998580993306	-0.00011105384424066732
-0.0008604877920942014	-0.0007802495443614416
-0.0008453790728349052	-0.0005270462223789129
-0.0011131888080561805	-0.00042501945919752306
-0.0012368241086882295	-0.0013123082900621432
-0.0012069955028678925	-0.0017099354629060545
-0.0011950061314761227	-0.0021695369883329265
-0.0012996035090823517	-0.0023499880781737443
-0.0012571781510914348	-0.003392801566960411
-0.0011330622828699417	-0.003471987177771825
-0.0009984128767674806	-0.003915745905940148
-0.00108905091290389	-0.004729545509060903
-0.0011050465819797885	-0.004929068953465703
-0.0010736319953807227	-0.004592868333915075
-0.001142923553792511	-0.005153284111300271
-0.001408243681654694	-0.0048707563435248175
-0.0014771301791102383	-0.004399427876170306
-0.001419487947223609	-0.004215991426598338
-0.0012269652951775304	-0.0033708501518445785
-0.0012811054217888814	-0.0027064502133701844
-0.0010668890279631452	-0.003652393457804255
-0.0010407823404713823	-0.0036207765392794605
-0.0010520899030123812	-0.003015975701067925
-0.0010466177830321425	-0.002848249946740911
-0.0009935683207802793	-0.0026537297779918767
-0.0009995761521683529	-0.00249309220034616
-0.0010911493950457036	-0.0022575470903209356
-0.0008480577659196073	-0.002123339823178052
-0.0006879038131920714	-0.0013692586654961499
-0.0005780421204632412	-0.0007828371946123537
-0.0007348789725266949	-0.0008449564651569088
-0.0006889627892675528	-0.0012551491032737388
-0.0005587010783206846	-0.0008714483601387846
-0.0005440245832849572	-0.001604035692379888
-0.0007179565145135279	-0.0005283563660359988
-0.0007242105096318804	-0.0005050797911655578
-0.000697221044587121	8.175811086247802e-5
-0.0008043076442439312	0.00044006205446681985
-0.0006095493019368972	0.0002919638709093351
-0.0005812248435614143	0.00039187507847074935
-0.00043027107846006134	0.0005745769740240467
-0.00039449203987300044	0.001042850250741999
-0.0004294148007254875	0.002116379726666516
-0.0004160165136343315	0.001956829804815726
-0.000374045466794537	0.0014840476279048345
-0.0003008033536037068	0.0013823524579959707
-0.0004018452407158205	0.000870098541605406
-0.00045649819509922134	0.0005002060686014262
-0.00045048351904325635	0.00027432265304077133
-0.0005275560042108187	0.0007267555152034148
-0.0005505944973078558	0.0011013625547543898
-0.00044664657664242763	0.0012066741927089697
-0.00039733027596652225	0.0013593443985559115
-0.00027748698433601436	0.0016327525117534462
-0.0003180103064127845	0.0014810553510049567
-0.00028227290710765567	0.0012003019061331793
-0.00034101130900846536	0.0012401075113753503
-0.0003507691195944978	0.0003893074179170457
-0.00025954398646441107	0.0012285530295789982
-0.000378836599066284	0.001151829784087062
-0.0003286368179580272	0.0014001409088796623
-0.0002696188260025756	0.0018428980084463085
-0.00012428226392948344	0.002135503162492571
-3.253879519834741e-5	0.0024711398263446986
0.00010468772474296487	0.0024046462899515145
0.00018511586103834112	0.0018891653536495365
0.0002482002287273946	0.0021274805369737946
0.00017292043550200725	0.0022979079334280606
5.460557287642026e-5	0.0018021304315091473
-3.345144853371959e-5	0.0009672839995735323
9.685188890763665e-5	0.0008794571634600012
0.0001826159113093773	0.0010244255694380096
0.00029897301883239936	0.001252878607154795
0.00038147842743219563	0.0012627378350503328
0.00019852387220261656	0.0014606764564654789
0.00022749819376537947	0.0014853561505639356
0.00011565612425049938	0.0008365084123958083
5.698703880842629e-5	0.0009478862384441015
0.00011644517466796975	0.001175307917046889
0.00021484420080538204	0.0007057167725912461
0.00013454228137802014	0.0006285715104870405
0.00010380796237699959	0.0009636679850303364
-9.725524677523697e-7	-5.953660530037515e-5
-9.030983126024486e-5	-0.0009946367951364006
-9.086939814339492e-5	-0.0007483750370480755
-2.3970324709815005e-5	-0.0004707515154521526
1.9588446344484088e-5	-0.0008019470384676646
6.085839228410016e-6	-0.0008166775989534227
0.00010907197479799134	-0.0009344892265566872
4.473164238603971e-5	-0.0011818726848238678
-4.5476152614312345e-5	-0.0009962706531116397
4.289381338761658e-6	-0.0006684389859269046
-0.0001079985586797865	-0.0009633948688908651
-0.0002599180499952999	-0.0005402832640332392
-0.0002903525796947416	-0.0003062825418200957
-0.0002506074848239895	-0.0007699822350946304
-0.00018248600934206896	-0.0011456550946822817
-0.0003091987890903668	-0.0012368130878676147
-0.0003020797221165845	-0.002591893822020986
-0.0003276242919689921	-0.0030534885030251337
-0.0005634219255294773	-0.0030781410638910387
-0.000504363016894323	-0.0028918472522031884
-0.0004758284859134303	-0.002344314932260466
-0.0005270299302732066	-0.0021428106943890495
-0.0005685672931139328	-0.0028324803015395837
-0.0005254833011267752	-0.003552943309784377
-0.0003955413404321474	-0.0030823971520419356
-0.00025048958318207924	-0.0023905383997911683
-0.00022206818060168195	-0.00278998162196064
-0.0001745402814124236	-0.002385049891429855
-0.0003369174162110919	-0.001962471354045756
-0.000247327377405641	-0.0023123301105973113
-0.0001515725023339372	-0.0019792708040621597
-1.3085964469501202e-5	-0.0013325865313375896
-1.0949268515266179e-5	-0.001743858076974463
9.325458020351482e-5	-0.0023654079922885434
-0.00012989638946819172	-0.002157235158758331
-0.000251867034188127	-0.0020467411223897085
-0.0002712265779325129	-0.0026143619103127305
-0.0002646934968248228	-0.003380792168389742
-0.0002731180577589524	-0.003830271921493298
-0.0003090961257834047	-0.0038363191035048986
-0.0003432194264197126	-0.004270538445631291
-0.0004980451515155278	-0.004370508660530943
-0.0003378578203977555	-0.004162831462451911
-0.0002567499567913272	-0.0037603295045287102
-8.352005333544512e-5	-0.003072331721087629
8.820029139658459e-5	-0.002381087414507618
-7.130944050789342e-5	-0.0024407152799820545
-0.00010487289387455564	-0.0024966919724983276
-0.00017747346175262885	-0.0012522520869833503
0.0001426424484400018	-0.0006697458950078092
0.0002389354372053882	-0.0005646797516557431
0.00037752267875289626	-0.00029956182423481435
0.0005601453161924967	8.948692757501699e-5
0.0005352819651656905	2.3559049636120798e-5
0.0007037081777202189	-0.0004358772068258167
0.0006257541776065221	0.00023104589806148865
0.000702986053239576	0.0002762287643933764
0.0007794720495644872	-0.000277365984594913
0.0008604897553409264	-0.0004109822368677306
0.0008293219092662688	-0.0007880219939496026
0.0009034411486705247	0.0007379840465370378
0.0009229712957842913	0.0008802218339017419
0.0010592830018236361	0.0008581631390447283
0.0011278928423801404	0.0005537910888337262
0.0012060406015208494	0.000926770418862215
0.0012229099863765437	0.0006461435282287488
0.0012731683909873001	0.000882822116715233
0.0013938216899778964	0.0007523848619762715
0.00136849999319969	0.0002112945674049505
0.0013869961113753405	0.0003353756154598382
0.0012094560708219943	0.00045822126671466487
0.0012774177497302767	-0.00021579889306777957
0.0012708312469630753	0.0003183574038532306
0.0012869756084515707	-0.0003987200693251416
0.0012571647058708699	-1.4685232758662454e-5
0.0011877195254280455	-0.0003564601751144162
0.0012754334130152501	-0.00023239208849546434
0.0013784287152010665	-0.00028349743168631984
0.0015668483612480565	0.0008175201614656899
0.0016285641949499165	0.0008517560099681114
0.0016820680819970722	0.00047754081334732584
0.001680837418688004	0.0004423729393657064
0.0016662200319780003	0.0007648192578305264
0.0017557816345181523	0.0005166287069081764
0.001591150928590994	0.0006501427589539473
0.00147233035373907	0.0006773397674741703
0.0015477713108289833	0.0009125377752436738
0.0015872765186426868	0.0008053377239470416
0.0015360838052296615	0.0003891683122771623
0.0015958942569688245	0.0011683027485699087
0.0015414552989146024	0.001370466306950087
0.001324766813824687	0.0011774003115591152
0.0013206650124693196	0.0008767691704661313
0.0011722167076840026	0.0007860243305159225
0.001336775095098796	0.0013926360540842493
0.0013616556959394003	0.0021218137766318276
0.0015197906517863756	0.0032389265118000056
0.0014669502607314428	0.002664139617304715
0.0013745678880445478	0.002627557664513191
0.0013566547466128441	0.002417154646652778
0.0013732560608689054	0.0024731802983245193
0.0014525906785108887	0.002090982225587492
0.0014066191769823758	0.0020241607683587274
0.001442691234516952	0.0007092467484171804
0.0014253874209821198	0.0005994719628668782
0.0012986843249169423	-0.00037736175928523375
0.0012347895191481696	0.00032356287203259935
0.0012163045014712609	8.127874967088012e-5
0.0012381376752909497	0.00018982238106130417
0.0012085835243646034	-0.0006192198298960984
0.0012167296932476092	-0.0008621796925677265
0.001132262989177692	-0.0003385958519856065
0.0010858271071784644	-0.0005929526561582215
0.0010421253860746125	-0.001542895302851951
0.0010771061477320122	-0.0016656042701405787
0.0011254834377082679	-0.000932223720678255
0.0011804049538192659	-0.000933945150005273
0.001326557694303282	-0.0015326094538249267
0.0012792238598076538	-0.0019236166594554052
0.0012824730657151387	-0.0010619631038322344
0.0012912496418521148	-0.0011310248931622321
0.001466146333823835	-0.0011180550779229439
0.001436942742549195	-0.0009205284654697962
0.0013930780583459798	-0.0010834292276614816
0.0013212536811119868	-0.0004826255098148343
0.0013122767741526925	-0.0007068207273426919
0.0013030531208453903	-0.0008696514082944637
0.0013448930075608875	-0.0012941629344541319
0.0012337003369300014	-0.0009879417156041233
0.001157805705022547	-0.0004788182383112552
0.0012374298127753333	-0.000912209731669182
0.0012176270654404777	-0.0011578490954081261
0.001289377944403491	-0.0012657770757764839
0.0013066851428514665	-0.0007654366266659504
0.0014785860586751254	-0.0010760344299894297
0.001549998483748462	-0.0009179642787133643
0.0016375819631661698	-0.000261623322826921
0.0017223741998861342	-0.0002721434146643926
0.0018737187454458506	-0.00014432706965101426
0.0018342539973929559	-0.0007754948822615243
0.0019088956674126155	-0.0009083608452313133
0.001974326209730764	-0.0005638775203499145
0.0020109464200587374	0.00016596394686395403
0.0020607538413993255	0.00020803255611497523
0.0020788954616218764	0.00047414469701207557
0.0020248642270306854	0.0004017622907271229
0.001979192460439096	0.0007675316277080515
0.001964310634720951	0.0014072243603363475
0.0019575754071465444	0.0020176878508908263
0.001942219207770665	0.0019835995191738497
0.001935653511004834	0.00204137955852039
0.002024074659532206	0.0021607909197368393
0.002016556403564948	0.0008122986828923956
0.0020230223454087305	0.0006947670064056345
0.0020168401436527813	0.0008228855624053475
0.0021288388027422005	0.0015202095838062935
0.0020366095398316113	0.002270214418905072
0.0019607150941600092	0.0019006895311406667
0.0019739921153936785	0.0019717420405709215
0.0019008925175834073	0.001512313315245647
0.0017851227585195099	0.0016757506355280338
0.0017634474654704589	0.0010873952932663094
0.001760012230123912	0.0009512235033166252
0.0018560121233250964	0.0010726800896895296
0.0019326314144096268	0.001662485908331578
0.0018521137864301567	0.0012306422966808827
0.001650942605357691	0.0008019019342139189
0.00158553929223954	0.0006810497648308396
0.0014967081923987675	0.00031049672399051354
0.0015212940321163077	0.0003120586220217386
0.0015200216614443094	0.00045032438525473685
0.0014358166438558989	0.00047980136662427746
0.0014523869040283161	0.001154895831817253
0.001497700306078541	0.0008192761964327957
0.0015106873600095052	0.0007314172364891063
0.0014901835379841448	0.0004823637798661164
0.0017196750923456623	0.0008405177625883233
0.001799082304028696	0.0006231180032506966
0.0018586092018834243	0.0006768037108310232
0.0017532049908572304	0.00037103740620323414
0.0018404938953979694	-0.00022705735835479204
0.0019791537976082308	-0.0007918513638305415
0.002038378164178198	-0.0014649511069398584
0.0018507543036538254	-0.0012986321399568116
0.001761700664698444	-0.0013069720731226436
0.0016744420643123325	-0.001080334696486634
0.001718922827680224	-0.001517706770132508
0.0017139875376842306	-0.0012175818550145036
0.001548073110788077	-0.0010656870844905127
0.001540775765517722	-0.00024656025777051126
0.0017174980269908143	9.515509261245783e-5
0.0015910675517573074	0.00017933191314656012
0.001385697093079048	0.0007571037152957617
0.001278397067941438	0.0008878401161048663
0.0013464702302649254	0.0008006564616568969
0.0012053153478800425	0.0014475367685478405
0.0011998589054818792	0.001164138104766111
0.0012388653286112723	0.0014948500877165853
0.0013026450987237966	0.0018024192459082998
0.0013275656678260988	0.0018139387010365807
0.0013261288114698605	0.0018663885700515616
0.0013286297419677628	0.0020890352274073143
0.0010696761922441656	0.002286891784412622
0.0011756239704271924	0.0018110790164769185
0.0013885802402781775	0.0019239967007546588
0.0014684953026168066	0.0020232420170719495
0.0014213547561453613	0.0020000006422144067
0.0014291796877115052	0.002407337871085236
0.0014714693735249345	0.002196894993814175
0.0014094545921416635	0.0013218548577286072
0.0012851803709641994	0.0016277910666265768
0.001218193510177958	0.0020626278063917533
0.001123496359396061	0.0024737042347185104
0.0011101490746744183	0.0027346438694525205
0.001053603942145978	0.002048005555920278
0.0008378323492539212	0.00109914526054595
0.000759139362516663	0.00036145704299777193
0.0007395255782412499	0.0004933404547573003
0.0011322759984086605	0.0010469358569409038
0.0011098445207687645	0.0017205854554345453
0.000923184357126065	0.0024468875986856107
0.0009978721623218974	0.0025955240030025814
0.0008446034172575717	0.002486370763280015
0.0007757799640394782	0.0027192561499983425
0.0009784927505295765	0.002867644692561926
0.0009432810775818886	0.003721992813166171
0.0008415993873505896	0.003864003640290101
0.0005630252111969176	0.0036872648914021426
0.0005318654127213916	0.003395718991464801
0.000482613479489616	0.0029047579431801095
0.00020643925463762348	0.002991032050582252
0.00014810254636625844	0.0029163797576325884
-7.534619113637673e-5	0.0017884295878046444
-0.00015064617410073908	0.0017422066310125897
-0.00014722216078817669	0.0008781207037636492
-0.00018375779678932126	0.0003884439819887629
-0.000179709685600072	0.0008116502590605819
-0.0002703610795054525	0.0009617902509074891
-0.0002073109807822814	0.0015291544390948256
-0.0002451291424952304	0.0010441409084322095
-0.0003023469563090576	0.0010859680043627197
-0.0003584385896975478	0.0005515831598540727
-0.0005170510585780369	0.0004600065182882489
-0.0004570578746449689	0.0010287068579866577
-0.0005948660824108357	0.001369544976092165
-0.0006412042794579742	0.0007812244492833104
-0.0008698680348873129	0.0009317789548496393
-0.0009491771580413598	0.0002799887463347828
-0.000980178022039274	0.0002641901118065418
-0.0009819055515880954	0.00014210654923590824
-0.0010916081030658662	0.00011149819239910053
-0.0012894509763468624	-0.0002219908814601273
-0.0014604923054239204	-0.000239159943811505
-0.0014931314856473068	6.089281030883522e-5
-0.001493893625675158	-0.0011229362238433537
-0.0014706855136988504	-0.000743435205241232
-0.001671351808890252	-0.0007897253112541389
-0.0015380280809281469	-0.0006008752032826998
-0.0016171008788573428	-0.0018182746910325304
-0.0018640224822033386	-0.0013258847670449096
-0.001962637855799612	-0.00044320665134094746
-0.0020526337978349542	0.0005821263044224
-0.002020103314954311	0.0004936896173015548
-0.0020052396673389886	9.314125573271661e-5
-0.0020928720514044735	-0.0006406216992866755
-0.0020713315122639934	1.3024165767624605e-6
-0.0021221302780173425	0.0003214162581982448
-0.002112368531647091	0.0006262331387514999
-0.002077112964507296	0.0004666029928473777
-0.0021550644311719514	8.024689436016429e-5
-0.0021478281537853565	0.0003063095625876281
-0.002168428466628536	-0.00042824196746813994
-0.0019825166706427975	-0.0005583299000377783
-0.0019117829105190782	-0.0003108315625392192
-0.0019338192353358925	-0.00021884615701140087
-0.00222526306394376	0.00019651143001390357
-0.0022481983373150933	-0.00022343814383780593
-0.0022868488561961628	0.00030104677472138477
-0.002187398035784661	0.00021134228029907206
-0.0022484079580291304	-0.0004468280278318979
-0.0022559829094315376	-0.0008499224962116385
-0.0022130903098262415	-0.0005778968655875414
-0.002004257394545239	-0.0018074197181623683
-0.00179145718991817	-0.0022844153529458853
-0.001863693465702682	-0.0021389263310725728
-0.0017962851460052063	-0.0021414570682258545
-0.001887364650862465	-0.0023617661402740506
-0.0019320280156637358	-0.0024324742230599434
-0.001982126785100886	-0.0026154959059821793
-0.0020009155050739586	-0.001953182456770637
-0.001913237677012855	-0.001818977757328801
-0.0018757055525004608	-0.0018900313737136023
-0.00200705982874922	-0.0019516214182304637
-0.0019668858337619404	-0.0011187826368510793
-0.0020085895418740698	-0.0012596844108361026
-0.0019602349028271754	-0.0007290975445947715
-0.0019536430147788783	-0.0011059675414289024
-0.001975921622182327	-0.0008089296242147516
-0.002011582122666929	-0.0005457242324818689
-0.0020031118251275315	-0.0003532867212695707
-0.0020059848373862425	-0.0004426290888260676
-0.0021429025000899295	0.00013052596820571752
-0.0021819786257431463	0.0007924854716406845
-0.0022149352692020898	0.001042507890980812
-0.0021747064894923327	0.00130522009387632
-0.002121619726722934	0.001672794668892726
-0.0021330546092392013	0.001673737654822273
-0.001985698543344561	0.00023482502271892258
-0.001914082911540392	6.069970620142817e-5
-0.0018204961474821504	-1.074495406740096e-6
-0.0017230863738757444	0.00022623041608886988
-0.001761233531237057	-0.0004051421009946026
-0.0017049483182546108	0.0003063073064390198
-0.0016999708082637852	0.00011548556680057693
-0.0017528029620595173	-0.0007126278221172087
-0.001852171256284216	0.0005081348092836555
-0.0020446108133001075	0.0005330829375582082
-0.0019669493386955355	-0.0003083502834440951
-0.00195341077297171	-0.0001759369374746618
-0.0020126453059824776	-0.0007251458003390784
-0.0019701307099331605	-0.0010335192086096787
-0.0020505543288557547	-0.0010444454622480753
-0.00202499004510149	-0.0014757795840559963
-0.00200783572798291	-0.0017183781210252744
-0.0018986252565727875	-0.0023556379047797575
-0.0017344521236529085	-0.00248006983491099
-0.0016482195167498402	-0.001847556364148543
-0.0015570595336304054	-0.0011998561195591768
-0.0015605248988034889	-0.0010500924862742787
-0.0014607762341029224	-0.0017271139915171567
-0.001256551589495862	-0.0020482500281613224
-0.0012562836882453682	-0.0021889932102491685
-0.0011006708158417052	-0.0015803846751843377
-0.0008802745377547781	-0.0030680239959089443
-0.0009187021082723116	-0.002423464622492043
-0.0007971938302842012	-0.002571938531580728
-0.0008395473478276999	-0.0018737714044920562
-0.0007873077866347263	-0.0017172396236461494
-0.0006873594717795285	-0.0024373701923633877
-0.0007430748243464889	-0.0016740242230268156
-0.0008425139066117994	-0.0016857737558214187
-0.0007279867778970877	-0.001570928021793831
-0.0007797260263682215	-0.0016473077777024521
-0.0005732936283269756	-0.002177350170736857
-0.0005517761728379172	-0.0013267186612085998
-0.000547496356849438	-0.0013388602405563109
-0.0005918028169514931	-0.00042901112481219907
-0.0004972085871023692	-0.0008480599253580292
-0.00044820045315099904	-0.0007438439129142684
-0.0004646206714029253	-0.00037773597278202136
-0.0006230986715478887	-0.0007887622224187727
-0.00041233896391388615	-0.0013456510805247282
-0.0004538833303140172	-0.0016627159968023385
-0.000490010802958147	-0.0013851730042646704
-0.0004930873916966974	-0.0016461961611223016
-0.0005802700018638752	-0.0016400252800311671
-0.0007233454315419215	-0.002044663658824967
-0.0006388579684692854	-0.0020687042198034656
-0.00042567896328358286	-0.0016897886938129388
-0.00023689767442496248	-0.0015700802812394757
-0.0002213869653499425	-0.000872756325882625
-0.00035419069593804623	-0.0007373614866513846
-0.00035524542500641544	-0.00032002164378365993
-0.00032736933032428576	-9.91762802451069e-5
-0.00026550623163108626	-4.847801317600788e-5
-0.00021964537627416935	0.0001832535733550431
-0.00014621566061488614	0.00021383791814989252
-3.474656226329323e-5	0.00014964858308011905
6.535897731346204e-5	0.0002705884945981074
0.00011005288025952313	0.00017726831706385012
7.077229875757674e-5	-0.0004911764720478774
-7.838017689749105e-6	-5.023184957958569e-5
-3.421121818069469e-5	0.00020678534995350543
-3.59920297787988e-5	0.0006698881536954664
2.5473828939090402e-5	0.000444814151197703
-5.048479894689079e-6	0.0006033512638807823
2.17615511730717e-5	0.0005442607678799915
-4.1164945773824065e-5	0.00048308507559868276
-0.00012154168827677903	-0.0001318632594330799
-2.082974858949227e-5	4.291374073768804e-5
-0.00016890815225349687	0.0012752368974712335
-0.00013319383191424443	0.0002645913443964016
-0.00015504372799995166	0.000935604677319377
1.788925885355244e-5	0.0009873289874852966
-7.136148045017587e-6	2.3303922100043365e-5
3.011671234625652e-5	0.0006040534159835702
0.0001123486714345993	0.0006453858116760486
0.00021109868534191668	0.0007731065106148783
0.00017007551432258238	0.000401150665702375
0.000314645553799975	0.0002749882942850177
0.0004621318187715982	0.0006116212988479424
0.0005581092139021861	0.001463573972369462
0.000680748622635513	0.0019919405312378083
0.0007662512165008937	0.001138692761131704
0.0008291008635654133	0.0010685304712513832
0.0007875056986472156	0.00034826798372215276
0.0009638451076977207	0.0002927931775389258
0.0009578744539670531	0.000524869487377734
0.001058164745665013	0.0013994041976432155
0.0010498215833706554	0.0015956912791195187
0.0009888300444744376	0.001051536015531166
0.0010135652929910968	0.0008643867981347072
0.0007652297541000774	0.0008697150100256693
0.0007231028205695874	0.0006802356810769135
0.0007576271824821101	0.000953482805677275
0.0006905563152322662	0.0016469608266591702
0.0006913657852716308	0.0018521810253787634
0.0006390379146944422	0.0019221587334961683
0.0005869429560822441	0.0010330230948536773
0.0005602322924838837	0.0015467850657932243
0.0004903458274501919	0.001990489392762251
0.0004274954344466097	0.0014372231977098136
0.00041630873738572263	0.0017085253049594431
0.0002682665833521774	0.0015240723608597397
0.00027162451184322843	0.0006748598240320048
0.000384767987858831	0.001019537328009853
0.0003790902751842034	0.000697820425907188
0.0003282915470378291	0.0009562909868747795
0.00018689935803242597	0.00016135259617650272
0.00013586719828659224	-0.00032918177680931474
2.284492027168394e-5	9.10557827174972e-5
6.730989559131683e-5	-8.180094618740769e-5
-3.1578143868144084e-5	0.00017724252516774174
-0.00011608212010981927	3.3060323380751686e-5
-0.00010281679047203205	0.0004983159627714514
-0.00011913201860923348	0.0002992696762585139
-0.0001893260149989714	0.00042715517116965747
-0.00016815118681830555	-0.0007363969109412507
-0.00030250875493289457	0.0004955439299070739
-8.647366689316737e-5	-7.45822302534803e-5
-0.00013057470712657415	0.0008154118188912186
-0.00010755101118399047	0.0007599550183561063
-5.658014721663783e-5	0.00019229247857105946
-0.0001318069746566411	-0.0005482918985440747
-0.00020373760631162797	-0.00046726181152902466
-0.00016375874580683625	-0.000551848330843897
-0.00031247133754678293	-0.0005416516919700439
-0.00031485709061173137	0.0002545317268889608
-0.00041823353858299624	0.0008156163505782558
-0.0004404869869008474	0.0009978757728547265
-0.0005177918009892405	0.0007278859317193112
-0.0005889017313040579	8.074234348171634e-5
-0.0005937402117997582	-0.0002954186169284508
-0.0006443138631318113	-0.00015078545736730545
-0.000625724795526846	-0.00014473064832307473
-0.0007174999051822124	0.00030318595598891035
-0.0007547470205650788	0.0005178869011430095
-0.0006855501402505868	0.0011172483843933504
-0.0006856084274237025	0.0010569820169862513
-0.0007008541804097225	0.0012584100971037896
-0.0007314925003685035	0.0013432996808187111
-0.0006553066568324628	0.0015048222564417817
-0.0006560995654588737	0.0014920155105421422
-0.0006333030508685525	0.0007426071246627118
-0.0006700474799203296	0.00026368200998011233
-0.0005843632198745365	-0.00016707118304126577
-0.0005687487983547065	-0.0011541107637457174
-0.0005314334608109347	-0.0010455198446220123
-0.0004717114178030285	-0.0013169966218724125
-0.0005339995241808327	-0.0009647747998923193
-0.000620420414212558	-0.000883144179781662
-0.000611520076509854	-0.0009357908287655679
-0.0005847374033508189	-4.711626517899393e-5
-0.0008127630637672513	0.0005838165781107092
