 
su_cost	sd_cost	prod_cost	cr⁺	cr⁻	𝜟pd	𝜟pw
9100.0	0.0	474192.5156183948	740.0	4.495179572198037	0.0	26.72078012858747
 
δf
0.5083224804873275	0.5
0.5083224804873275	0.5
0.5083224804873275	0.5
0.5083224804873275	0.5
0.5083224804873275	0.5
0.5083224804873275	0.5
0.5083224804873275	0.5
0.5083224804873275	0.5
0.5083224804873275	0.5
0.5083224804873275	0.5
0.5083224804873275	0.5
0.5083224804873275	0.5
0.5083224804873275	0.5
0.5083224804873275	0.5
0.5083224804873275	0.5
0.5083224804873275	0.5
0.5083224804873275	0.5
0.5083224804873275	0.5
0.5083224804873275	0.5
0.5083224804873275	0.5
0.5083224804873275	0.5
0.5083224804873275	0.5
0.5083224804873275	0.5
0.5083224804873275	0.5
 
list 1: units stutup/down states
1.0	1.0	1.0	1.0	1.0	1.0	1.0	1.0	1.0	1.0	1.0	1.0	1.0	1.0	1.0	1.0	1.0	1.0	1.0	1.0	1.0	1.0	1.0	1.0
1.0	1.0	1.0	1.0	1.0	1.0	1.0	1.0	1.0	1.0	1.0	1.0	1.0	1.0	1.0	1.0	1.0	1.0	1.0	1.0	1.0	1.0	1.0	1.0
0.0	0.0	0.0	0.0	0.0	0.0	0.0	0.0	0.0	0.0	0.0	0.0	0.0	0.0	0.0	0.0	0.0	0.0	0.0	0.0	0.0	0.0	0.0	0.0
 
list 2: units dispatching power in scenario NO.1
0.9113970383511906	0.9	0.9	0.9	0.9	0.9022625792897423	0.9140909031349823	1.0167115353171634	0.9146296891178539	0.9144908933167554	1.3416644461050757	1.3357871609446623	1.200618483312681	1.3336630355640517	1.219900704061156	0.9148389533121384	0.9	0.9	0.9	0.9	0.9126628029650897	0.9146109453834258	0.9146217637620688	0.9128707614281801
0.1	0.1	0.1	0.1	0.1	0.1	0.1	0.1	0.1	0.1	0.1	0.1	0.1	0.1	0.1	0.1	0.1	0.1	0.1	0.1	0.1	0.1	0.1	0.1
0.0	0.0	0.0	0.0	0.0	0.0	0.0	0.0	0.0	0.0	0.0	0.0	0.0	0.0	0.0	0.0	0.0	0.0	0.0	0.0	0.0	0.0	0.0	0.0
 
list 3: spolied wind power
0.0	0.0	0.0	0.0	0.0	0.0	0.0	0.0	0.08578616053347723	0.0	0.0	0.0	0.0	0.0	0.0	0.0	0.0	0.0	0.0	0.0	0.0	0.09899247908718159	0.0	0.0
0.6696504431135454	0.3426480304513147	0.0	0.0	0.0	0.0	0.026619805267835705	0.0	0.0	0.0	0.0	0.0	0.0	0.0	0.0	0.0	0.0	0.0	0.0	0.39093397978583044	0.668774663324874	0.0	0.16117681203712647	0.3584164741491469
 
list 4: forced load curtailments
0.0	0.0	0.0	0.0	0.0	0.0	0.0	0.0	0.0	0.0	0.0	0.0	0.0	0.0	0.0	0.0	0.0	0.0	0.0	0.0	0.0	0.0	0.0	0.0
0.0	0.0	0.0	0.0	0.0	0.0	0.0	0.0	0.0	0.0	0.0	0.0	0.0	0.0	0.0	0.0	0.0	0.0	0.0	0.0	0.0	0.0	0.0	0.0
0.0	0.0	0.0	0.0	0.0	0.0	0.0	0.0	0.0	0.0	0.0	0.0	0.0	0.0	0.0	0.0	0.0	0.0	0.0	0.0	0.0	0.0	0.0	0.0
 
list 5: pss charge state
-0.0	1.0	1.0	1.0	1.0	1.0	-0.0	-0.0	0.0	0.0	0.0	0.0	0.0	0.0	0.0	0.0	1.0	1.0	1.0	1.0	0.0	0.0	-0.0	-0.0
 
list 6: pss discharge state
1.0	0.0	0.0	0.0	0.0	0.0	1.0	1.0	1.0	1.0	1.0	1.0	1.0	1.0	1.0	1.0	0.0	0.0	0.0	0.0	1.0	1.0	1.0	1.0
 
list 7: pss charge power
0.0	0.09225784046414802	0.33875949808422945	0.37530979771778417	0.2421717569211117	0.01032463622449142	0.0	0.0	0.0	0.0	0.0	0.0	0.0	0.0	0.0	0.0	0.1537473002715286	0.2508908304927562	0.18438624659276237	0.02274032852530583	0.0	0.0	0.0	0.0
 
list 8: pss discharge power
0.1	0.0	0.0	0.0	0.0	0.0	0.06081636220359607	0.1	0.1	0.07393583966177618	0.1	0.1	0.1	0.1	0.1	0.06524779813462782	0.0	0.0	0.0	0.0	0.1	0.1	0.1	0.1
 
list 9: pss strored energy
0.1	0.17841916439452582	0.46636473776612086	0.7853780658262374	0.9912240592091823	1.0	0.939183637796404	0.839183637796404	0.7391836377964041	0.6652477981346278	0.5652477981346278	0.4652477981346278	0.3652477981346278	0.26524779813462784	0.1652477981346278	0.1	0.23068520523079933	0.44394241114964206	0.60067072075349	0.62	0.52	0.42000000000000004	0.32000000000000006	0.22000000000000003
 
list 10: sr⁺
0.75	0.75	0.75	0.75	0.75	0.75	0.75	0.75	0.75	0.75	0.75	0.75	0.75	0.75	0.75	0.75	0.75	0.75	0.75	0.75	0.75	0.75	0.75	0.75
0.7916666666666667	0.7916666666666667	0.7916666666666667	0.7916666666666667	0.7916666666666667	0.7916666666666667	0.7916666666666667	0.7916666666666667	0.7916666666666667	0.7916666666666667	0.7916666666666667	0.7916666666666667	0.7916666666666667	0.7916666666666667	0.7916666666666667	0.7916666666666667	0.7916666666666667	0.7916666666666667	0.7916666666666667	0.7916666666666667	0.7916666666666667	0.7916666666666667	0.7916666666666667	0.7916666666666667
0.0	0.0	0.0	0.0	0.0	0.0	0.0	0.0	0.0	0.0	0.0	0.0	0.0	0.0	0.0	0.0	0.0	0.0	0.0	0.0	0.0	0.0	0.0	0.0
 
list 11: sr⁻
0.011397038351190587	0.0	0.0	0.0	0.0	0.0022625792897422673	0.014090903134982312	0.014941822116170709	0.014629689117853905	0.01449089331675537	0.016866608888473734	0.016841303209763837	0.01677429537917183	0.01660558424110899	0.016805174823984713	0.01483895331213831	0.0	0.0	0.0	0.0	0.012662802965089948	0.01461094538342594	0.014621763762068767	0.012870761428180241
0.0	0.0	0.0	0.0	0.0	0.0	0.0	0.0	0.0	0.0	0.0	0.0	0.0	0.0	0.0	0.0	0.0	0.0	0.0	0.0	0.0	0.0	0.0	0.0
0.0	0.0	0.0	0.0	0.0	0.0	0.0	0.0	0.0	0.0	0.0	0.0	0.0	0.0	0.0	0.0	0.0	0.0	0.0	0.0	0.0	0.0	0.0	0.0
 
list 12: α
0.0	1.0	-0.0	-0.0	-0.0	-0.0	-0.0	-0.0	0.0	-0.0	-0.0	-0.0	-0.0	-0.0	-0.0	0.0	1.0	-0.0	-0.0	-0.0	-0.0	-0.0	-0.0	-0.0
 
list 13: β
0.0	-0.0	0.0	-0.0	-0.0	0.0	1.0	0.0	-0.0	0.0	-0.0	-0.0	-0.0	-0.0	-0.0	-0.0	-0.0	-0.0	-0.0	-0.0	1.0	-0.0	-0.0	-0.0
