 
su_cost	sd_cost	prod_cost	cr⁺	cr⁻	𝜟pd	𝜟pw
9100.0	0.0	474192.5156208589	740.0000004954368	4.4951797085014045	1.1375256513086645e-17	26.72078012858751
 
δf
0.5491978508663189	0.5
0.5491978508663189	0.5
0.5491978508663189	0.5
0.5491978508663189	0.5
0.5491978508663189	0.5
0.5491978508663189	0.5
0.5491978508663189	0.5
0.5491978508663189	0.5
0.5491978508663189	0.5
0.5491978508663189	0.5
0.5491978508663189	0.5
0.5491978508663189	0.5
0.5491978508663189	0.5
0.5491978508663189	0.5
0.5491978508663189	0.5
0.5491978508663189	0.5
0.5491978508663189	0.5
0.5491978508663189	0.5
0.5491978508663189	0.5
0.5491978508663189	0.5
0.5491978508663189	0.5
0.5491978508663189	0.5
0.5491978508663189	0.5
0.5491978508663189	0.5
 
list 1: units stutup/down states
1.0	1.0	1.0	1.0	1.0	1.0	1.0	1.0	1.0	1.0	1.0	1.0	1.0	1.0	1.0	1.0	1.0	1.0	1.0	1.0	1.0	1.0	1.0	1.0
1.0	1.0	1.0	1.0	1.0	1.0	1.0	1.0	1.0	1.0	1.0	1.0	1.0	1.0	1.0	1.0	1.0	1.0	1.0	1.0	1.0	1.0	1.0	1.0
0.0	0.0	0.0	0.0	0.0	0.0	0.0	0.0	0.0	0.0	0.0	0.0	0.0	0.0	0.0	0.0	0.0	0.0	0.0	0.0	0.0	0.0	0.0	0.0
 
list 2: units dispatching power in scenario NO.1
0.9113970383459169	0.9	0.9	0.9	0.9	0.9022625792764103	0.9140909031292987	1.016711535313881	0.914629689112365	0.9144908933108735	1.3416644461024134	1.3357871609419738	1.2006184833098568	1.3336630355613714	1.2199007040583634	0.9148389533063629	0.9	0.9	0.9	0.9	0.9126628029598013	0.9146109453780952	0.9146217637568039	0.9128707614226392
0.10000000000527373	0.1	0.1	0.1	0.1	0.10000000001333177	0.10000000000568361	0.10000000000328224	0.10000000000548898	0.10000000000588191	0.1000000000026623	0.10000000000268854	0.10000000000282395	0.10000000000268025	0.10000000000279276	0.10000000000577555	0.1	0.1	0.1	0.1	0.10000000000528872	0.10000000000533073	0.10000000000526482	0.10000000000554102
0.0	0.0	0.0	0.0	0.0	0.0	0.0	0.0	0.0	0.0	0.0	0.0	0.0	0.0	0.0	0.0	0.0	0.0	0.0	0.0	0.0	0.0	0.0	0.0
 
list 3: spolied wind power
0.6696504431135456	0.12228659085331406	0.0	0.09690990428076654	0.0	2.185769926527502e-19	0.03433744961266769	8.940774034643846e-20	0.04174308272286086	0.01580137779864828	0.0	8.175261931320876e-20	0.0	8.156655455689355e-20	0.0	0.0	0.0	0.12989104787146588	0.0	0.1023342504713567	0.6687746633248742	0.0	0.16117681203712667	0.35841647414914707
0.0	0.0	0.056830205627943005	0.0	0.06662132968929156	0.0	0.0	0.0	0.0	0.0	8.083322365763436e-20	0.0	9.162548177060424e-20	0.0	8.96735768876087e-20	0.02052405566713731	0.04099093692254444	0.0	0.11771774452046435	0.0	0.0	0.09899247908718177	0.0	0.0
 
list 4: forced load curtailments
0.0	0.0	0.0	0.0	0.0	0.0	0.0	0.0	3.65142397131622e-20	0.0	0.0	7.428635030354145e-20	0.0	0.0	0.0	0.0	0.0	0.0	0.0	3.706669560471767e-20	0.0	0.0	3.6932560945505737e-20	0.0
3.742085410180934e-20	3.6989353202044534e-20	0.0	3.846138766500271e-20	3.853551818696556e-20	0.0	3.648874399451302e-20	0.0	0.0	0.0	7.473879280981485e-20	0.0	0.0	7.432784008025845e-20	7.451907919676318e-20	0.0	3.639216738145853e-20	0.0	3.84843518181886e-20	0.0	0.0	0.0	0.0	0.0
0.0	0.0	3.8622168094214356e-20	0.0	0.0	4.9791436523351207e-20	0.0	7.381753380920278e-20	0.0	3.6372109760968465e-20	0.0	0.0	7.447124897427864e-20	0.0	0.0	3.6439201385542787e-20	0.0	3.838130382008507e-20	0.0	0.0	3.7469327412086426e-20	3.6781932880004933e-20	0.0	3.7649628823585685e-20
 
list 5: pss charge state
0.0	1.0	1.0	1.0	1.0	1.0	0.0	0.0	0.0	0.0	0.0	0.0	0.0	0.0	0.0	0.0	1.0	1.0	1.0	1.0	0.0	0.0	0.0	0.0
 
list 6: pss discharge state
1.0	0.0	0.0	0.0	0.0	0.0	1.0	1.0	1.0	1.0	1.0	1.0	1.0	1.0	1.0	1.0	0.0	0.0	0.0	0.0	1.0	1.0	1.0	1.0
 
list 7: pss charge power
0.0	0.3126192800621492	0.2819292924562866	0.27839989343701754	0.17555042723182038	0.01032463622449154	0.0	0.0	0.0	0.0	0.0	0.0	0.0	0.0	0.0	0.0	0.11275636334898441	0.12099978262129052	0.06666850207229827	0.31134005783977986	0.0	0.0	0.0	0.0
 
list 8: pss discharge power
0.1	0.0	0.0	0.0	0.0	0.0	0.06853400654842792	0.1	0.05595692218938336	0.08973721746042419	0.1	0.1	0.1	0.1	0.1	0.08577185380176454	0.0	0.0	0.0	0.0	0.1	0.1	0.1	0.1
 
list 9: pss strored energy
0.1	0.36572638805282676	0.6053662866406699	0.8420061960621349	0.9912240592091822	1.0	0.9314659934515721	0.831465993451572	0.7755090712621886	0.6857718538017644	0.5857718538017644	0.48577185380176446	0.3857718538017645	0.2857718538017645	0.18577185380176453	0.1	0.19584290884663674	0.2986927240747337	0.35536095083618724	0.6200000000000001	0.5200000000000001	0.42000000000000004	0.32000000000000006	0.22000000000000003
 
list 10: sr⁺
0.7500000004858204	0.7500000004455111	0.7500000004740957	0.7500000004722559	0.7500000004747367	0.750000000480964	0.750000000479633	0.7500000004956348	0.7500000004783822	0.7500000004871016	0.7500000006148935	0.7500000005890298	0.7500000005540293	0.75000000058867	0.7500000005418122	0.7500000004813535	0.7500000004665893	0.7500000004736195	0.750000000476332	0.7500000004696326	0.7500000004864981	0.7500000004857139	0.7500000004820717	0.7500000004870263
0.791666667203172	0.7916666671390118	0.7916666671289739	0.7916666671302659	0.7916666671242059	0.7916666671326101	0.7916666671348868	0.7916666672261596	0.7916666671338595	0.7916666671434991	0.7916666674746761	0.7916666674020836	0.7916666673250482	0.7916666674067077	0.7916666673358396	0.7916666671430213	0.7916666671263736	0.7916666671273516	0.7916666671251361	0.7916666671419291	0.7916666671634476	0.7916666671341153	0.791666667130509	0.7916666671267695
0.0	0.0	0.0	0.0	0.0	0.0	0.0	0.0	0.0	0.0	0.0	0.0	0.0	0.0	0.0	0.0	0.0	0.0	0.0	0.0	0.0	0.0	0.0	0.0
 
list 11: sr⁻
0.011397038345916866	1.9894474309541642e-19	1.9377887946958207e-19	1.9467867179490924e-19	1.9541936037611148e-19	0.0022625792764103974	0.014090903129298716	0.014941823156847184	0.014629689112364933	0.014490893310873457	0.016866609651461046	0.01684130399397213	0.016774296175591792	0.01660558502347433	0.016805175622807124	0.014838953306362774	2.0021089956040678e-19	1.9568660091357461e-19	1.9535562391128647e-19	1.964867188038218e-19	0.012662802959801236	0.014610945378095215	0.014621763756803942	0.012870761422639227
5.273722613769347e-12	1.9391929865884656e-19	1.8986388544858187e-19	1.9015161507477789e-19	1.9081107147970082e-19	1.3331753001144784e-11	5.683595633714578e-12	1.6131123868780187e-12	5.4889733499417376e-12	5.8819150470912925e-12	1.2960298105696852e-12	1.315188293699696e-12	1.3873926464642247e-12	1.3102312332231237e-12	1.3733195795447906e-12	5.7755415292623025e-12	1.9804264040646293e-19	1.9149589093883694e-19	1.9262762940292125e-19	1.9291187481624773e-19	5.288709769729836e-12	5.330726405269679e-12	5.26481540041256e-12	5.541010521710311e-12
0.0	0.0	0.0	0.0	0.0	0.0	0.0	0.0	0.0	0.0	0.0	0.0	0.0	0.0	0.0	0.0	0.0	0.0	0.0	0.0	0.0	0.0	0.0	0.0
 
list 12: α
0.0	1.0	0.0	0.0	0.0	0.0	0.0	0.0	0.0	0.0	0.0	0.0	0.0	0.0	0.0	0.0	1.0	0.0	0.0	0.0	0.0	0.0	0.0	0.0
 
list 13: β
0.0	0.0	0.0	0.0	0.0	0.0	1.0	0.0	0.0	0.0	0.0	0.0	0.0	0.0	0.0	0.0	0.0	0.0	0.0	0.0	1.0	0.0	0.0	0.0
