 
su_cost	sd_cost	prod_cost	cr⁺	cr⁻	𝜟pd	𝜟pw
9100.0	0.0	481697.23294512625	499.8666666804946	4.4869941346343545	0.0	26.721328831070412
 
δf
0.8557708907281126	0.5
0.8557708907281126	0.5
0.8557708907281126	0.5
0.8557708907281126	0.5
0.8557708907281126	0.5
0.8557708907281126	0.5
0.8557708907281126	0.5
0.8557708907281126	0.5
0.8557708907281126	0.5
0.8557708907281126	0.5
0.8557708907281126	0.5
0.8557708907281126	0.5
0.8557708907281126	0.5
0.8557708907281126	0.5
0.8557708907281126	0.5
0.8557708907281126	0.5
0.8557708907281126	0.5
0.8557708907281126	0.5
0.8557708907281126	0.5
0.8557708907281126	0.5
0.8557708907281126	0.5
0.8557708907281126	0.5
0.8557708907281126	0.5
0.8557708907281126	0.5
 
list 1: units stutup/down states
1.0	1.0	1.0	1.0	1.0	1.0	1.0	1.0	1.0	1.0	1.0	1.0	1.0	1.0	1.0	1.0	1.0	1.0	1.0	1.0	1.0	1.0	1.0	1.0
1.0	1.0	1.0	1.0	1.0	1.0	1.0	1.0	1.0	1.0	1.0	1.0	1.0	1.0	1.0	1.0	1.0	1.0	1.0	1.0	1.0	1.0	1.0	1.0
0.0	0.0	0.0	0.0	0.0	0.0	0.0	0.0	0.0	0.0	-0.0	0.0	0.0	0.0	-0.0	0.0	0.0	0.0	0.0	0.0	0.0	0.0	0.0	0.0
 
list 2: units dispatching power in scenario NO.1
0.9113970383511906	0.9	0.9	0.9	0.9	0.9022625792897423	0.9140909031349823	1.0167115353171634	0.9146296891178539	0.9144908933167554	1.2191896693709219	1.2212559498676383	1.1725136744000648	1.264354973150184	1.1754815540050707	0.9148389533121384	0.9000000000000001	0.9	0.9	0.9	0.9126628029650895	0.9146109453834259	0.9146217637620687	0.9128707614281802
0.09999999999999976	0.09999999999999976	0.1	0.09999999999999976	0.09999999999999976	0.09999999999999976	0.1	0.09999999999999976	0.1	0.1	0.22247477673415364	0.21453121107702394	0.12810480891261583	0.16930806241386775	0.14441915005608508	0.1	0.09999999999999976	0.09999999999999976	0.1	0.09999999999999976	0.1	0.10000000000000003	0.09999999999999976	0.1
0.0	0.0	0.0	0.0	0.0	0.0	0.0	0.0	0.0	0.0	0.0	0.0	0.0	0.0	0.0	0.0	0.0	0.0	0.0	0.0	0.0	0.0	0.0	0.0
 
list 3: spolied wind power
0.6696504431135449	0.016043397241606697	0.0	0.0	0.0	0.0	0.0	0.0	0.0	0.026064160338224007	0.0	0.0	0.0	0.0	0.0	0.02053836239885054	0.0	0.0	0.17115172503111445	0.0	0.0	0.0	0.16117681203712633	0.0
0.0	0.0	0.32660463320970856	0.0	0.0	0.0	0.06580344306423969	0.0	0.0	0.0	0.0	0.0	0.0	0.0	0.0	0.0	0.0	0.0	0.0	0.21978225475471633	0.6687746633248738	0.09899247908718181	0.0	0.358416474149147
 
list 4: forced load curtailments
0.0	0.0	0.0	0.0	0.0	0.0	0.0	0.0	0.0	0.0	0.0	0.0	0.0	0.0	0.0	0.0	0.0	0.0	0.0	0.0	0.0	0.0	0.0	0.0
0.0	0.0	0.0	0.0	0.0	0.0	0.0	0.0	0.0	0.0	0.0	0.0	0.0	0.0	0.0	0.0	0.0	0.0	0.0	0.0	0.0	0.0	0.0	0.0
0.0	0.0	0.0	0.0	0.0	0.0	0.0	0.0	0.0	0.0	0.0	0.0	0.0	0.0	0.0	0.0	0.0	0.0	0.0	0.0	0.0	0.0	0.0	0.0
 
list 5: pss charge state
-0.0	1.0	1.0	1.0	1.0	1.0	0.0	0.0	0.0	0.0	0.0	0.0	0.0	0.0	0.0	0.0	1.0	1.0	1.0	1.0	-0.0	-0.0	-0.0	-0.0
 
list 6: pss discharge state
1.0	0.0	0.0	0.0	0.0	0.0	1.0	1.0	1.0	1.0	1.0	1.0	1.0	1.0	1.0	1.0	0.0	0.0	0.0	0.0	1.0	1.0	1.0	1.0
 
list 7: pss charge power
0.0	0.41886247367385604	0.012154864874521058	0.37530979771778417	0.2421717569211117	0.010324636224491424	0.0	0.0	0.0	0.0	0.0	0.0	0.0	0.0	0.0	0.0	0.15374730027152866	0.25089083049275623	0.013234521561648187	0.19389205355641995	0.0	0.0	0.0	4.163336342344337e-17
 
list 8: pss discharge power
0.09999999999999953	0.0	0.0	0.0	0.0	0.0	0.1	0.1	0.014213839466522549	0.1	0.1	0.1	0.1	0.1	0.1	0.08578616053347776	0.0	0.0	0.0	0.0	0.1	0.1	0.1	0.1
 
list 9: pss strored energy
0.10000000000000048	0.4560331026227781	0.466364737766121	0.7853780658262375	0.9912240592091824	1.0000000000000002	0.9000000000000002	0.8000000000000003	0.7857861605334777	0.6857861605334777	0.5857861605334778	0.4857861605334778	0.3857861605334778	0.2857861605334778	0.18578616053347777	0.1	0.23068520523079936	0.44394241114964217	0.4551917544770431	0.62	0.52	0.42000000000000004	0.32	0.22000000000000003
 
list 10: sr⁺
0.1000000000000002	0.19999999999999984	0.20000000000000007	0.19999999999999984	0.19999999999999984	0.19999999999999984	0.09999999999999998	0.09999999999999976	0.18578616053347752	0.09999999999999998	0.2224747767341536	0.2145312110770239	0.12810480891261578	0.16930806241386775	0.14441915005608508	0.1142138394665223	0.19999999999999984	0.19999999999999984	0.20000000000000007	0.19999999999999984	0.09999999999999998	0.10000000000000009	0.09999999999999976	0.09999999999999998
0.9000000000000002	0.9000000000000002	0.9	0.9000000000000002	0.9000000000000002	0.9000000000000002	0.9	0.9000000000000002	0.9	0.9	0.7775252232658464	0.7854687889229761	0.8718951910873842	0.8306919375861322	0.8555808499439149	0.9	0.9000000000000002	0.9000000000000002	0.9	0.9000000000000002	0.9	0.8999999999999999	0.9000000000000002	0.9
0.0	0.0	0.0	0.0	0.0	0.0	0.0	0.0	0.0	0.0	0.0	0.0	0.0	0.0	0.0	0.0	0.0	0.0	0.0	0.0	0.0	0.0	0.0	0.0
 
list 11: sr⁻
0.011397038351190587	0.0	0.0	0.0	0.0	0.002262579289742262	0.014090903134982312	0.014941822116170709	0.014629689117853903	0.014490893316755368	0.0	0.016841303209763837	0.01677429537917183	0.01660558424110899	0.01680517482398471	0.01483895331213831	0.0	0.0	0.0	0.0	0.012662802965089457	0.014610945383425942	0.014621763762068763	0.0128707614281802
0.0	0.0	0.0	0.0	0.0	0.0	0.0	0.0	0.0	0.0	0.016866608888473734	0.0	0.0	0.0	0.0	0.0	0.0	0.0	0.0	0.0	0.0	0.0	0.0	0.0
0.0	0.0	0.0	0.0	0.0	0.0	0.0	0.0	0.0	0.0	0.0	0.0	0.0	0.0	0.0	0.0	0.0	0.0	0.0	0.0	0.0	0.0	0.0	0.0
 
list 12: α
0.0	1.0	-0.0	-0.0	0.0	0.0	0.0	0.0	0.0	0.0	0.0	0.0	0.0	0.0	0.0	0.0	1.0	0.0	-0.0	-0.0	-0.0	0.0	-0.0	0.0
 
list 13: β
0.0	-0.0	0.0	-0.0	0.0	-0.0	1.0	0.0	0.0	0.0	0.0	0.0	0.0	0.0	0.0	0.0	0.0	0.0	0.0	0.0	1.0	-0.0	-0.0	-0.0
