 
su_cost	sd_cost	prod_cost	cr⁺	cr⁻	𝜟pd	𝜟pw
9100.0	0.0	480974.3723166626	740.0000000000001	4.565017821221087	0.26066882176884654	27.191999637983262
 
δf
0.5491978508663173	0.5
0.5491978508663173	0.5
0.5491978508663173	0.5
0.5491978508663173	0.5
0.5491978508663173	0.5
0.5491978508663173	0.5
0.5491978508663173	0.5
0.5491978508663173	0.5
0.5491978508663173	0.5
0.5491978508663173	0.5
0.5491978508663173	0.5
0.5491978508663173	0.5
0.5491978508663173	0.5
0.5491978508663173	0.5
0.5491978508663173	0.5
0.5491978508663173	0.5
0.5491978508663173	0.5
0.5491978508663173	0.5
0.5491978508663173	0.5
0.5491978508663173	0.5
0.5491978508663173	0.5
0.5491978508663173	0.5
0.5491978508663173	0.5
0.5491978508663173	0.5
 
list 1: units stutup/down states
1.0	1.0	1.0	1.0	1.0	1.0	1.0	1.0	1.0	1.0	1.0	1.0	1.0	1.0	1.0	1.0	1.0	1.0	1.0	1.0	1.0	1.0	1.0	1.0
1.0	1.0	1.0	1.0	1.0	1.0	1.0	1.0	1.0	1.0	1.0	1.0	1.0	1.0	1.0	1.0	1.0	1.0	1.0	1.0	1.0	1.0	1.0	1.0
0.0	0.0	0.0	0.0	0.0	0.0	0.0	0.0	0.0	0.0	0.0	0.0	0.0	0.0	0.0	0.0	0.0	0.0	0.0	0.0	0.0	0.0	0.0	0.0
 
list 2: units dispatching power in scenario NO.1
0.9113970383511906	0.9	0.9	0.9	0.9	0.9022625792897423	0.9140909031349823	1.0167115353171634	0.9146296891178539	0.9144908933167554	1.2246376904204617	1.2236436954076828	1.1725136744000648	1.264354973150184	1.175481554005071	0.9148389533121384	0.9	0.9	0.9	0.9	0.9126628029650897	0.9146109453834257	0.9146217637620688	0.9128707614281801
0.09999999999999976	0.09999999999999976	0.09999999999999976	0.09999999999999976	0.09999999999999976	0.09999999999999976	0.1	0.09999999999999976	0.1	0.09999999999999976	0.20833333333333326	0.20833333333333326	0.12810480891261583	0.16930806241386775	0.14441915005608508	0.09999999999999999	0.09999999999999976	0.09999999999999976	0.09999999999999976	0.09999999999999976	0.1	0.1	0.09999999999999976	0.1
0.0	0.0	0.0	0.0	0.0	0.0	0.0	0.0	0.0	0.0	0.0	0.0	0.0	0.0	0.0	0.0	0.0	0.0	0.0	0.0	0.0	0.0	0.0	0.0
 
list 3: spolied wind power
0.6696504431135454	0.0	0.0	0.34264803045131476	0.0	0.0	0.06580344306423974	0.0	0.046602522737074	0.0	0.0	0.0	0.0	0.0	0.0	0.0	0.0	0.0	0.0	0.39093397978583055	0.668774663324874	0.09899247908718148	0.16117681203712644	0.0
0.0	0.0	0.0	0.0	0.0	0.0	0.0	0.0	0.0	0.0	0.0	0.0	0.0	0.0	0.0	0.0	0.0	0.0	0.0	0.0	0.0	0.0	0.0	0.3584164741491469
 
list 4: forced load curtailments
0.0	0.0	0.0	0.0	0.0	0.0	0.0	0.0	0.0	0.0	0.0	0.0	0.0	0.0	0.0	0.0	0.0	0.0	0.0	0.0	0.0	0.0	0.0	0.0
0.0	0.0	0.0	0.0	0.0	0.0	0.0	0.0	0.0	0.0	0.008693422351280676	0.003810132203646192	0.0	0.0	0.0	0.0	0.0	0.0	0.0	0.0	0.0	0.0	0.0	0.0
0.0	0.0	0.0	0.0	0.0	0.0	0.0	0.0	0.0	0.0	0.0	0.0	0.0	0.0	0.0	0.0	0.0	0.0	0.0	0.0	0.0	0.0	0.0	0.0
 
list 5: pss charge state
-0.0	1.0	1.0	1.0	1.0	1.0	0.0	-0.0	-0.0	0.0	0.0	0.0	0.0	0.0	-0.0	-0.0	1.0	1.0	1.0	1.0	-0.0	-0.0	-0.0	-0.0
 
list 6: pss discharge state
1.0	0.0	0.0	0.0	0.0	0.0	1.0	1.0	1.0	1.0	1.0	1.0	1.0	1.0	1.0	1.0	0.0	0.0	0.0	0.0	1.0	1.0	1.0	1.0
 
list 7: pss charge power
0.0	0.43490587091546273	0.33875949808422967	0.03266176726646942	0.2421717569211117	0.010324636224491418	0.0	0.0	0.0	0.0	0.0	0.0	0.0	0.0	0.0	0.0	0.15374730027152864	0.2508908304927562	0.18438624659276237	0.022740328525305702	0.0	0.0	0.0	0.0
 
list 8: pss discharge power
0.1	0.0	0.0	0.0	0.0	0.0	0.1	0.1	0.06081636220359654	0.07393583966177618	0.1	0.1	0.1	0.1	0.1	0.06524779813462721	0.0	0.0	0.0	0.0	0.1	0.1	0.1	0.1
 
list 9: pss strored energy
0.1	0.46966999027814327	0.7576155636497385	0.7853780658262375	0.9912240592091824	1.0000000000000002	0.8999999999999998	0.7999999999999998	0.7391836377964033	0.6652477981346271	0.5652477981346271	0.46524779813462713	0.36524779813462716	0.2652477981346272	0.1652477981346272	0.1	0.23068520523079936	0.4439424111496421	0.6006707207534902	0.62	0.52	0.42000000000000004	0.32000000000000006	0.22000000000000003
 
list 10: sr⁺
0.7500000000000001	0.7500000000000001	0.7500000000000001	0.7500000000000001	0.7500000000000001	0.7500000000000001	0.7500000000000001	0.7500000000000001	0.7500000000000001	0.7500000000000001	0.7500000000000001	0.7500000000000001	0.7500000000000001	0.7500000000000001	0.7500000000000001	0.7500000000000001	0.7500000000000001	0.7500000000000001	0.7500000000000001	0.7500000000000001	0.7500000000000001	0.7500000000000001	0.7500000000000001	0.7500000000000001
0.7916666666666667	0.7916666666666667	0.7916666666666667	0.7916666666666667	0.7916666666666667	0.7916666666666667	0.7916666666666667	0.7916666666666667	0.7916666666666667	0.7916666666666667	0.7916666666666667	0.7916666666666667	0.7916666666666667	0.7916666666666667	0.7916666666666667	0.7916666666666667	0.7916666666666667	0.7916666666666667	0.7916666666666667	0.7916666666666667	0.7916666666666667	0.7916666666666667	0.7916666666666667	0.7916666666666667
0.0	0.0	0.0	0.0	0.0	0.0	0.0	0.0	0.0	0.0	0.0	0.0	0.0	0.0	0.0	0.0	0.0	0.0	0.0	0.0	0.0	0.0	0.0	0.0
 
list 11: sr⁻
0.011397038351190587	0.0	0.0	0.0	0.0	0.0022625792897422673	0.014090903134982312	0.014941822116170709	0.014629689117853905	0.014490893316755396	0.016866608888473734	0.016841303209763837	0.01677429537917183	0.01660558424110899	0.01680517482398471	0.01483895331213831	0.0	0.0	0.0	0.0	0.012662802965089948	0.014610945383425944	0.014621763762068767	0.012870761428180241
0.0	0.0	0.0	0.0	0.0	0.0	0.0	0.0	0.0	0.0	0.0	0.0	0.0	0.0	0.0	0.0	0.0	0.0	0.0	0.0	0.0	0.0	0.0	0.0
0.0	0.0	0.0	0.0	0.0	0.0	0.0	0.0	0.0	0.0	0.0	0.0	0.0	0.0	0.0	0.0	0.0	0.0	0.0	0.0	0.0	0.0	0.0	0.0
 
list 12: α
0.0	1.0	0.0	-0.0	-0.0	-0.0	-0.0	-0.0	0.0	-0.0	-0.0	-0.0	-0.0	-0.0	-0.0	0.0	1.0	-0.0	0.0	-0.0	-0.0	-0.0	-0.0	-0.0
 
list 13: β
0.0	-0.0	-0.0	-0.0	-0.0	0.0	1.0	0.0	-0.0	0.0	-0.0	-0.0	-0.0	-0.0	-0.0	-0.0	-0.0	-0.0	-0.0	0.0	1.0	0.0	-0.0	0.0
