 
su_cost	sd_cost	prod_cost	cr⁺	cr⁻	𝜟pd	𝜟pw
20800.0	15200.0	444414.59793718276	448.9957246731809	5.308446030769543	0.24678047197158118	5.681984641982334
 
δf
0.9237160174473767	0.5
0.9237160174473767	0.5
0.9237160174473767	0.5
0.9237160174473767	0.5
0.9237160174473767	0.5
0.9237160174473767	0.5
0.9237160174473767	0.5
0.9237160174473767	0.5
0.9237160174473767	0.5
0.9237160174473767	0.5
0.45291842861599474	0.5
0.45291842861599474	0.5
0.45291842861599474	0.5
0.45291842861599474	0.5
0.8440896179187188	0.5
0.8440896179187188	0.5
0.6654780888479583	0.5
0.6654780888479583	0.5
0.6654780888479583	0.5
0.6654780888479583	0.5
0.6654780888479583	0.5
0.5325448281446525	0.5
0.9237160174473767	0.5
0.9237160174473767	0.5
 
list 1: units stutup/down states
1.0	1.0	1.0	1.0	1.0	1.0	1.0	1.0	1.0	1.0	1.0	1.0	1.0	1.0	1.0	1.0	0.0	0.0	0.0	0.0	0.0	1.0	1.0	1.0
0.0	0.0	0.0	0.0	0.0	0.0	0.0	0.0	0.0	0.0	1.0	1.0	1.0	1.0	0.0	0.0	1.0	1.0	1.0	1.0	1.0	1.0	0.0	0.0
0.0	0.0	0.0	0.0	0.0	0.0	0.0	0.0	0.0	0.0	1.0	1.0	1.0	1.0	1.0	1.0	1.0	1.0	1.0	1.0	1.0	0.0	0.0	0.0
 
list 2: units dispatching power in scenario NO.1
0.9	0.9	0.9	0.9	0.9	0.9919379430652506	1.0482874600707426	1.1583557676585816	0.9288435285843765	1.074764180644365	1.235031777720645	1.3333333333333335	1.2006184833126805	1.3333333333333335	1.234211814292976	0.9	0.0	0.0	0.0	0.0	0.0	0.9156184662962442	0.9534449517249421	0.9
0.0	0.0	0.0	0.0	0.0	0.0	0.0	0.0	0.0	0.0	0.1	0.1	0.1	0.1	0.0	0.0	0.5462526997284712	0.44910916950724367	0.5156137534072375	0.28632569168886357	0.2438881396402157	0.1	0.0	0.0
0.0	0.0	0.0	0.0	0.0	0.0	0.0	0.0	0.0	0.0	0.10663266838443053	0.1	0.1	0.1	0.125738537737602	0.11483895331213831	0.19999999999999998	0.19999999999999998	0.19999999999999998	0.19999999999999998	0.1	0.0	0.0	0.0
 
list 3: spolied wind power
0.4468563664111645	0.061367491401544294	0.0	0.0	0.0	0.0	0.0	0.0	0.0	0.0	0.0	0.0	0.0	0.0	0.0	0.0	0.0	0.0	0.0	0.0	0.0	0.0	0.0	0.0
0.0	0.0	0.0	0.0	0.0	0.0	0.0	0.0	0.0	0.0	0.0	0.0	0.0	0.0	0.0	0.0	0.0	0.0	0.0	0.0	0.0	0.0	0.0	0.004369242132731488
 
list 4: forced load curtailments
0.0	0.0	0.0	0.0	0.0	0.0	0.0	0.0	0.0	0.0	0.0	0.0	0.0	0.0	0.0	0.0	0.0	0.0	0.0	0.0	0.0	0.0	0.0	0.0
0.0	0.0	0.0	0.0	0.0	0.0	0.0	0.0	0.0	0.0	0.0	0.0	0.0	0.0	0.0	0.0	0.0	0.0	0.0	0.0	0.0	0.0	0.0	0.0
0.0	0.0	0.0	0.0	0.0	0.0	0.0	0.0	0.0	0.0	0.0	0.0	0.0	0.0	0.0	0.0	0.0	0.0	0.0	0.0	0.0	0.0	0.0	0.0
 
list 5: pss charge state
1.0	1.0	1.0	1.0	1.0	0.0	0.0	0.0	0.0	0.0	0.0	0.0	0.0	0.0	0.0	0.0	0.0	0.0	0.0	0.0	0.0	0.0	0.0	1.0
 
list 6: pss discharge state
0.0	0.0	0.0	0.0	0.0	1.0	1.0	1.0	1.0	1.0	1.0	1.0	1.0	1.0	1.0	1.0	1.0	1.0	1.0	1.0	1.0	1.0	1.0	0.0
 
list 7: pss charge power
0.011397038351190589	0.2735383795139187	0.2387594980842297	0.2753097977177844	0.14217175692111195	0.0	0.0	0.0	0.0	0.0	0.0	0.0	0.0	0.0	0.0	0.0	0.0	0.0	0.0	0.0	0.0	0.0	0.0	0.14117647058823532
 
list 8: pss discharge power
0.0	0.0	0.0	0.0	0.0	0.0	0.0	0.058355767658581525	0.1	0.013662552334166245	0.1	0.002453827611328785	0.0	0.0003297022307182096	0.05995035203057797	0.06524779813462725	0.1	0.1	0.1	0.1	0.1	0.0	0.0	0.0
 
list 9: pss strored energy
0.209687482598512	0.4421951051853429	0.6451406785569381	0.8791540066170549	1.0	1.0	1.0	0.9416442323414185	0.8416442323414185	0.8279816800072523	0.7279816800072523	0.7255278523959234	0.7255278523959234	0.7251981501652052	0.6652477981346272	0.6	0.5	0.4	0.30000000000000004	0.2	0.1	0.1	0.1	0.22000000000000003
 
list 10: sr⁺
1.1	1.1	1.1	1.1	1.1	1.1	1.1	1.0416442323414186	1.0	1.0863374476658338	0.00663266838443044	0.09754617238867119	0.09999999999999995	0.09967029776928185	0.9657881857070241	0.9495911551775111	0.0	0.0	0.0	0.0	0.0	0.20000000000000007	1.1	1.1
0.0	0.0	0.0	0.0	0.0	0.0	0.0	0.0	0.0	0.0	0.9	0.9	0.9	0.9	0.0	0.0	0.4	0.4	0.4	0.4	0.3	0.9	0.0	0.0
0.0	0.0	0.0	0.0	0.0	0.0	0.0	0.0	0.0	0.0	0.0933673316155695	0.1	0.1	0.1	0.07426146226239802	0.0851610466878617	0.0	0.0	0.0	0.0	0.1	0.0	0.0	0.0
 
list 11: sr⁻
0.0	0.0	0.0	0.0	0.0	0.012587215514233687	0.014090903134982312	0.014941822116170709	0.014629689117853903	0.01449089331675537	0.016866608888473734	0.016841303209763837	0.01677429537917183	0.01660558424110899	0.016805174823984713	0.0	0.0	0.0	0.0	0.0	0.0	0.01461094538342594	0.014621763762068765	0.0
0.0	0.0	0.0	0.0	0.0	0.0	0.0	0.0	0.0	0.0	0.0	0.0	0.0	0.0	0.0	0.0	0.013438436825067884	0.012766572707623191	0.013234521561648187	0.012314293577077784	0.01266280296508995	0.0	0.0	0.0
0.0	0.0	0.0	0.0	0.0	0.0	0.0	0.0	0.0	0.0	0.0	0.0	0.0	0.0	0.0	0.01483895331213831	0.0	0.0	0.0	0.0	0.0	0.0	0.0	0.0
 
list 12: α
1.0	0.0	0.0	0.0	0.0	0.0	0.0	0.0	0.0	0.0	0.0	0.0	0.0	0.0	0.0	0.0	0.0	0.0	0.0	0.0	0.0	0.0	0.0	1.0
 
list 13: β
0.0	0.0	0.0	0.0	0.0	1.0	0.0	0.0	0.0	0.0	0.0	0.0	0.0	0.0	0.0	0.0	0.0	0.0	0.0	0.0	0.0	0.0	0.0	0.0
