 
su_cost	sd_cost	prod_cost	cr⁺	cr⁻	𝜟pd	𝜟pw
9100.0	0.0	474192.5156382668	740.0000043337623	4.4951807945868385	7.149579589726824e-17	26.72078012858752
 
δf
0.5491978508663193	0.5
0.5491978508663193	0.5
0.5491978508663193	0.5
0.5491978508663193	0.5
0.5491978508663193	0.5
0.5491978508663193	0.5
0.5491978508663193	0.5
0.5491978508663193	0.5
0.5491978508663193	0.5
0.5491978508663193	0.5
0.5491978508663193	0.5
0.5491978508663193	0.5
0.5491978508663193	0.5
0.5491978508663193	0.5
0.5491978508663193	0.5
0.5491978508663193	0.5
0.5491978508663193	0.5
0.5491978508663193	0.5
0.5491978508663193	0.5
0.5491978508663193	0.5
0.5491978508663193	0.5
0.5491978508663193	0.5
0.5491978508663193	0.5
0.5491978508663193	0.5
 
list 1: units stutup/down states
1.0	1.0	1.0	1.0	1.0	1.0	1.0	1.0	1.0	1.0	1.0	1.0	1.0	1.0	1.0	1.0	1.0	1.0	1.0	1.0	1.0	1.0	1.0	1.0
1.0	1.0	1.0	1.0	1.0	1.0	1.0	1.0	1.0	1.0	1.0	1.0	1.0	1.0	1.0	1.0	1.0	1.0	1.0	1.0	1.0	1.0	1.0	1.0
0.0	0.0	0.0	0.0	0.0	0.0	0.0	0.0	0.0	0.0	0.0	0.0	0.0	0.0	0.0	0.0	0.0	0.0	0.0	0.0	0.0	0.0	0.0	0.0
 
list 2: units dispatching power in scenario NO.1
0.911397038305069	0.9	0.9	0.9	0.9	0.9022625791900021	0.9140909030869689	1.01671153528423	0.9146296890720353	0.9144908932663879	1.3416644460836444	1.3357871609221919	1.2006184832880185	1.3336630355417345	1.2199007040370105	0.9148389532633947	0.9	0.9	0.9	0.9	0.9126628029202623	0.9146109453391198	0.9146217637186559	0.9128707613807222
0.10000000004612171	0.1	0.1	0.1	0.1	0.1000000000997401	0.1000000000480134	0.10000000003293295	0.1000000000458186	0.1000000000503675	0.10000000002143117	0.10000000002247023	0.10000000002466229	0.10000000002231714	0.10000000002414539	0.10000000004874361	0.1	0.1	0.1	0.1	0.10000000004482776	0.10000000004430622	0.10000000004341288	0.10000000004745813
0.0	0.0	0.0	0.0	0.0	0.0	0.0	0.0	0.0	0.0	0.0	0.0	0.0	0.0	0.0	0.0	0.0	0.0	0.0	0.0	0.0	0.0	0.0	0.0
 
list 3: spolied wind power
0.669650443113546	0.1176698848683459	0.0	0.06674589368973141	0.0	1.5080146476169156e-18	0.03316395420360626	5.967199369599475e-19	0.04190887033481076	0.0161725223849965	0.0	5.299664402860963e-19	0.0	5.283530379875868e-19	0.0	0.0	0.0	0.0750437694252004	0.0	0.18799589033531436	0.6687746633248742	0.0	0.16117681203712664	0.3584164741491471
0.0	0.0	0.08261858534147687	0.0	0.07561366655176209	0.0	0.0	0.0	0.0	0.0	5.220620279159207e-19	0.0	6.155851989545187e-19	0.0	5.9865352975526e-19	0.02116061887790063	0.0721531989864132	0.0	0.055741121038903406	0.0	0.0	0.09899247908718177	0.0	0.0
 
list 4: forced load curtailments
0.0	0.0	0.0	0.0	0.0	0.0	0.0	0.0	2.273055540199426e-19	0.0	0.0	4.657577724818606e-19	0.0	0.0	0.0	0.0	0.0	0.0	0.0	2.3219080773909243e-19	0.0	0.0	2.310682822393262e-19	0.0
2.352663842057941e-19	2.315062300771992e-19	0.0	2.441462122113341e-19	2.4478396260312376e-19	0.0	2.270779960002733e-19	0.0	0.0	0.0	4.696382532450543e-19	0.0	0.0	4.661145174360245e-19	4.677615763558712e-19	0.0	2.263780168100251e-19	0.0	2.4435971406308597e-19	0.0	0.0	0.0	0.0	0.0
0.0	0.0	2.4552697022243025e-19	0.0	0.0	3.1726196294343357e-19	0.0	4.620956753061748e-19	0.0	2.2580765872277503e-19	0.0	0.0	4.67354923137887e-19	0.0	0.0	2.2646816740522684e-19	0.0	2.4348818955020354e-19	0.0	0.0	2.356830890538659e-19	2.297725516801583e-19	0.0	2.372333909802316e-19
 
list 5: pss charge state
0.0	1.0	1.0	1.0	1.0	1.0	0.0	0.0	0.0	0.0	0.0	0.0	0.0	0.0	0.0	0.0	1.0	1.0	1.0	1.0	0.0	0.0	0.0	0.0
 
list 6: pss discharge state
1.0	0.0	0.0	0.0	0.0	0.0	1.0	1.0	1.0	1.0	1.0	1.0	1.0	1.0	1.0	1.0	0.0	0.0	0.0	0.0	1.0	1.0	1.0	1.0
 
list 7: pss charge power
0.0	0.3172359860471171	0.2561409127427527	0.3085639040280529	0.16655809036934968	0.010324636224491533	0.0	0.0	0.0	0.0	0.0	0.0	0.0	0.0	0.0	0.0	0.08159410128511567	0.17584706106755596	0.12864512555385918	0.22567841797582217	0.0	0.0	0.0	0.0
 
list 8: pss discharge power
0.1	0.0	0.0	0.0	0.0	0.0	0.0673605111393665	0.1	0.05612270980133328	0.09010836204677242	0.1	0.1	0.1	0.1	0.1	0.08640841701252787	0.0	0.0	0.0	0.0	0.1	0.1	0.1	0.1
 
list 9: pss strored energy
0.1	0.3696505881400496	0.5873703639713901	0.849649682395235	0.9912240592091822	1.0	0.9326394888606335	0.8326394888606334	0.7765167790593002	0.6864084170125277	0.5864084170125278	0.4864084170125278	0.3864084170125278	0.28640841701252784	0.18640841701252786	0.1	0.16935498609234834	0.3188249879997708	0.42817334472055113	0.62	0.52	0.42000000000000004	0.32000000000000006	0.22000000000000003
 
list 10: sr⁺
0.7500000041382946	0.7500000036898726	0.7500000039644533	0.7500000039005507	0.7500000039297257	0.7500000040542198	0.7500000040376146	0.7500000047002902	0.7500000040138999	0.7500000041880496	0.7500000059508213	0.7500000056650371	0.7500000054310121	0.7500000056844296	0.7500000053493563	0.7500000040741054	0.7500000038038929	0.750000003908569	0.7500000039555281	0.7500000038468099	0.7500000041722662	0.7500000041584809	0.7500000040622053	0.750000004177165
0.7916666711909485	0.7916666707688206	0.7916666706911731	0.7916666706980487	0.791666670638138	0.7916666707494336	0.7916666708025939	0.7916666718466308	0.791666670796527	0.7916666708918643	0.7916666745975773	0.7916666734012503	0.7916666722524472	0.7916666734805538	0.7916666723876694	0.7916666708849199	0.7916666706567521	0.7916666706662733	0.7916666706433931	0.7916666708144962	0.7916666710778868	0.7916666707999277	0.7916666708053814	0.791666670910576
0.0	0.0	0.0	0.0	0.0	0.0	0.0	0.0	0.0	0.0	0.0	0.0	0.0	0.0	0.0	0.0	0.0	0.0	0.0	0.0	0.0	0.0	0.0	0.0
 
list 11: sr⁻
0.011397038305068894	1.276348147473037e-18	1.2329121299778728e-18	1.2406188024208226e-18	1.2471297158858639e-18	0.002262579190002067	0.014090903086968917	0.014941829342865816	0.014629689072035318	0.01449089326638787	0.016866616244433485	0.01684131074523511	0.01677430450625566	0.016605591816035884	0.01680518358178579	0.014838953263394714	1.2872853993336542e-18	1.24974693615495e-18	1.2467765182251281e-18	1.2560205368352996e-18	0.012662802920262192	0.014610945339119738	0.014621763718655898	0.012870761380722117
4.612169604227924e-11	1.2334435049298041e-18	1.2001686433824169e-18	1.2024270344745069e-18	1.2082329298311837e-18	9.974008688962388e-11	4.8013397146546555e-11	1.584737251802287e-11	4.58185875741289e-11	5.036749820148644e-11	1.012208604782114e-11	1.0760057552072362e-11	1.1853822787294707e-11	1.067274359644913e-11	1.163098428057849e-11	4.8743597046460396e-11	1.2683504454300516e-18	1.2140740666420529e-18	1.2234496527342406e-18	1.2253870616681428e-18	4.4827758044908476e-11	4.430620450918864e-11	4.341286997174425e-11	4.745812549328571e-11
0.0	0.0	0.0	0.0	0.0	0.0	0.0	0.0	0.0	0.0	0.0	0.0	0.0	0.0	0.0	0.0	0.0	0.0	0.0	0.0	0.0	0.0	0.0	0.0
 
list 12: α
0.0	1.0	0.0	0.0	0.0	0.0	0.0	0.0	0.0	0.0	0.0	0.0	0.0	0.0	0.0	0.0	1.0	0.0	0.0	0.0	0.0	0.0	0.0	0.0
 
list 13: β
0.0	0.0	0.0	0.0	0.0	0.0	1.0	0.0	0.0	0.0	0.0	0.0	0.0	0.0	0.0	0.0	0.0	0.0	0.0	0.0	1.0	0.0	0.0	0.0
