2.352663842057941e-19
2.315062300771992e-19
2.4552697022243025e-19
2.441462122113341e-19
2.4478396260312376e-19
3.1726196294343357e-19
2.270779960002733e-19
4.620956753061748e-19
2.273055540199426e-19
2.2580765872277503e-19
4.696382532450543e-19
4.657577724818606e-19
4.67354923137887e-19
4.661145174360245e-19
4.677615763558712e-19
2.2646816740522684e-19
2.263780168100251e-19
2.4348818955020354e-19
2.4435971406308597e-19
2.3219080773909243e-19
2.356830890538659e-19
2.297725516801583e-19
2.310682822393262e-19
2.372333909802316e-19
